N0,N1,N2,Volume,Enclosing_surface,Contact_surface,TETRAVOXEL,OCTOVOXEL,MISC_Async
5718,14328,10794,2539,6354,4440,1620,74,-355.0
6184,11835,7277,1453,5836,1441,163,2,173.0
6179,11834,7278,1453,5838,1440,158,1,170.0
4320,7208,3976,726,3596,380,16,0,362.0
4878,13944,12877,3785,3044,9833,7856,1782,26.0
824,1252,634,107,626,8,0,0,99.0
6164,13473,9163,1985,6416,2747,641,10,-131.0
6317,13131,8591,1803,6364,2227,403,5,-26.0
5533,14341,11090,2663,6202,4888,1937,93,-381.0
6143,11991,7489,1515,5888,1601,215,3,126.0
6230,12501,7963,1635,6116,1847,269,0,57.0
5511,14431,11252,2723,6166,5086,2099,127,-391.0
4496,7548,4184,767,3766,418,16,0,365.0
5363,14360,11409,2804,5994,5415,2372,153,-392.0
5802,14353,10707,2497,6432,4275,1489,52,-341.0
5799,14319,10648,2477,6434,4214,1451,63,-349.0
5160,14373,11952,3075,5454,6498,3465,378,-336.0
2464,3868,2020,351,1934,86,0,0,265.0
1312,2000,1016,172,1000,16,0,0,156.0
5922,11099,6717,1324,5490,1227,119,0,216.0
4946,14184,12453,3390,4566,7887,5052,730,-175.0
5907,14223,10371,2374,6498,3873,1227,47,-319.0
6058,11771,7325,1477,5788,1537,195,0,135.0
5517,14463,11321,2751,6136,5185,2191,133,-376.0
6020,13832,9750,2173,6462,3288,908,28,-235.0
6057,14158,10093,2269,6572,3521,1014,39,-277.0
5930,10989,6596,1292,5440,1156,109,0,245.0
6123,13721,9486,2081,6486,3000,749,23,-193.0
4867,14051,12696,3588,3864,8832,6323,1155,-76.0
5426,14372,11261,2729,6148,5113,2076,106,-414.0
3608,5778,3073,543,2888,185,2,0,360.0
1772,2752,1423,245,1376,47,0,0,198.0
2088,3268,1702,295,1634,68,0,0,227.0
4880,13934,12882,3796,2988,9894,7958,1828,32.0
6191,13878,9588,2100,6576,3012,726,13,-199.0
5946,14190,10297,2350,6494,3803,1202,46,-297.0
6080,14206,10169,2297,6556,3613,1094,32,-254.0
5804,10406,6090,1169,5166,924,74,0,319.0
4892,14055,12584,3519,4054,8530,5947,1034,-98.0
5120,14337,12082,3154,5240,6842,3857,458,-289.0
4748,8028,4475,824,4006,469,16,0,371.0
6221,13784,9425,2045,6580,2845,624,7,-183.0
6341,13586,9086,1940,6532,2554,522,7,-99.0
6305,12758,8178,1688,6228,1950,302,3,37.0
6266,13676,9284,2008,6520,2764,636,14,-134.0
2952,4644,2430,423,2322,108,0,0,315.0
5148,14300,11814,3011,5562,6252,3176,284,-349.0
4872,14003,12788,3681,3490,9298,7023,1430,-24.0
4278,7135,3932,717,3562,370,11,0,358.0
5103,14351,12116,3160,5272,6844,3807,415,-292.0
5305,14463,11675,2913,5872,5803,2719,225,-396.0
6023,11206,6753,1328,5538,1215,130,1,242.0
5756,14493,10923,2567,6444,4479,1605,74,-381.0
5114,8923,5103,960,4446,657,31,0,334.0
5049,14331,12180,3196,5184,6996,3963,461,-298.0
4838,8301,4689,874,4134,555,33,0,352.0
4897,14112,12582,3492,4212,8370,5688,935,-125.0
6268,12757,8210,1700,6220,1990,317,6,21.0
6124,13964,9798,2176,6540,3258,884,20,-218.0
5951,14128,10177,2305,6524,3653,1080,37,-305.0
4900,13894,12965,3906,2494,10471,8906,2276,65.0
6289,12494,7912,1619,6110,1802,274,3,88.0
4845,13999,12716,3611,3766,8950,6467,1177,-49.0
6220,12836,8344,1741,6242,2102,352,4,-13.0
4911,13872,13034,4041,1822,11212,10228,3025,32.0
5617,14344,10963,2609,6272,4691,1800,91,-373.0
6026,14120,10119,2287,6516,3603,1088,34,-262.0
4884,13979,12825,3720,3330,9495,7319,1534,10.0
6016,13812,9765,2186,6414,3351,984,36,-217.0
5080,8662,4863,901,4320,543,22,0,380.0
6051,11234,6758,1327,5554,1204,126,1,248.0
6004,11086,6642,1300,5484,1158,118,0,260.0
6167,14002,9799,2172,6566,3233,870,17,-208.0
6170,13502,9216,2006,6396,2820,710,18,-122.0
5179,14382,12038,3123,5338,6700,3706,417,-288.0
5768,10456,6166,1190,5192,974,72,0,288.0
1892,2944,1525,263,1472,53,0,0,210.0
5838,14341,10579,2439,6524,4055,1293,40,-363.0
5255,14418,11722,2941,5798,5924,2822,221,-382.0
6259,13413,8970,1915,6450,2520,513,7,-99.0
6109,13934,9735,2150,6570,3165,794,19,-240.0
4910,13879,13007,3997,2032,10975,9815,2796,41.0
4986,14216,12285,3284,4866,7419,4484,578,-229.0
5110,14372,12086,3136,5356,6730,3660,378,-312.0
4688,7900,4392,807,3942,450,16,0,373.0
4891,14080,12556,3483,4214,8342,5652,909,-116.0
6314,12505,7899,1613,6120,1779,265,4,95.0
5228,9096,5193,976,4530,663,36,0,349.0
6172,12112,7591,1539,5948,1643,216,0,112.0
6282,12680,8119,1675,6188,1931,304,2,46.0
2768,4360,2284,398,2180,104,0,0,294.0
6189,12872,8454,1784,6204,2250,464,11,-13.0
6090,14160,10066,2257,6590,3476,980,22,-261.0
4911,13983,12788,3708,3328,9460,7327,1567,8.0
5366,14477,11638,2896,5900,5738,2677,204,-369.0
6207,13857,9544,2086,6572,2972,713,19,-192.0
4891,14023,12758,3655,3586,9172,6851,1363,-29.0
4899,13952,12868,3780,3056,9812,7840,1773,35.0
5890,14408,10663,2473,6488,4175,1432,58,-328.0
5063,14329,12160,3185,5210,6950,3909,435,-291.0
5996,11124,6683,1310,5506,1177,112,0,245.0
5161,14383,11848,3003,5678,6170,3027,237,-377.0
6198,13479,9128,1970,6436,2692,607,8,-123.0
6125,13883,9681,2138,6534,3147,815,21,-215.0
6257,12795,8263,1715,6236,2027,323,1,10.0
6229,13779,9422,2047,6562,2860,655,17,-175.0
1864,2876,1478,253,1438,40,0,0,213.0
4992,8608,4876,910,4292,584,24,0,350.0
5653,14354,10889,2574,6334,4555,1686,91,-386.0
5479,14516,11480,2816,6064,5416,2388,161,-373.0
5964,14163,10209,2315,6528,3681,1107,46,-305.0
6287,12916,8360,1737,6298,2062,320,1,-6.0
5904,10688,6302,1217,5302,1000,84,0,301.0
5238,9073,5163,968,4518,645,37,0,360.0
5878,10671,6304,1219,5294,1010,83,0,292.0
1184,1796,908,153,898,10,0,0,143.0
4880,14072,12632,3539,4030,8602,6012,1048,-99.0
5057,14342,12188,3193,5218,6970,3906,419,-290.0
6380,13130,8523,1777,6384,2139,362,4,-4.0
4899,13911,12930,3876,2604,10326,8703,2211,42.0
6072,13439,9189,1995,6408,2781,623,10,-173.0
5149,14321,11926,3069,5438,6488,3445,341,-315.0
5824,14176,10407,2394,6450,3957,1276,52,-339.0
6020,13884,9818,2195,6466,3352,952,36,-241.0
5816,10680,6360,1237,5298,1062,84,0,259.0
4890,13909,12941,3879,2608,10333,8693,2196,43.0
3004,4792,2539,447,2396,143,0,0,304.0
2058,3201,1658,286,1600,58,1,0,229.0
5686,14348,10874,2571,6322,4552,1704,82,-359.0
5664,14373,10923,2587,6324,4599,1725,86,-373.0
4226,6931,3763,677,3464,299,3,0,381.0
4846,8245,4619,854,4114,505,17,0,366.0
5479,14388,11186,2693,6214,4972,1960,97,-416.0
4364,7212,3947,716,3598,349,16,0,383.0
4526,7549,4157,757,3772,385,5,0,377.0
6057,14232,10186,2296,6596,3590,1040,31,-285.0
6143,13650,9363,2038,6498,2865,654,9,-182.0
4969,14186,12373,3344,4682,7691,4822,663,-188.0
6278,12688,8144,1685,6178,1966,332,2,49.0
5183,14331,11796,2998,5604,6192,3123,279,-350.0
6245,12049,7459,1498,5930,1529,189,1,157.0
6466,13203,8523,1770,6426,2097,351,8,16.0
908,1376,695,117,688,7,0,0,110.0
6148,14046,9863,2191,6580,3283,886,20,-226.0
6279,12728,8179,1693,6200,1979,328,5,37.0
6188,14276,10067,2241,6688,3379,900,24,-262.0
6352,13371,8823,1863,6468,2355,435,2,-59.0
6139,13722,9454,2066,6512,2942,698,17,-195.0
5430,9505,5447,1026,4738,709,29,0,346.0
6005,14028,10031,2264,6478,3553,1072,39,-256.0
6313,13411,8922,1898,6456,2466,499,5,-74.0
4913,14200,12546,3436,4476,8070,5248,791,-177.0
4947,14268,12421,3337,4820,7601,4628,601,-237.0
6399,12640,7974,1627,6186,1788,268,1,106.0
4536,7670,4273,786,3830,443,10,0,353.0
6312,11648,6960,1357,5778,1182,92,0,267.0
4913,14067,12709,3602,3806,8903,6455,1201,-47.0
6122,13460,9144,1973,6450,2694,560,6,-167.0
5282,9075,5127,955,4524,603,27,0,379.0
1200,1836,936,159,918,18,0,0,141.0
4540,7610,4214,772,3796,418,18,0,372.0
1092,1660,841,142,830,11,0,0,131.0
4884,13947,12835,3752,3158,9677,7631,1686,20.0
4925,14097,12621,3532,4050,8571,5997,1041,-83.0
6287,13736,9324,2015,6558,2766,620,9,-140.0
5550,9813,5671,1076,4886,785,41,0,332.0
4890,13963,12857,3771,3088,9769,7787,1776,13.0
4888,13909,12935,3866,2674,10261,8561,2118,48.0
6206,13163,8737,1854,6350,2387,463,4,-74.0
5660,10236,6025,1161,5084,941,68,0,288.0
6266,13329,8876,1890,6412,2464,505,8,-77.0
6271,13279,8809,1869,6404,2405,471,3,-68.0
4104,6758,3683,665,3376,307,6,0,364.0
5906,10621,6222,1194,5280,942,61,0,313.0
5516,14223,10946,2621,6166,4780,1891,114,-382.0
6299,12669,8097,1669,6180,1917,309,3,58.0
4910,13873,13040,4060,1720,11320,10433,3156,17.0
6288,12066,7429,1484,5954,1475,158,0,167.0
892,1352,683,115,676,7,0,0,108.0
6404,12894,8245,1700,6290,1955,314,4,55.0
5968,14261,10355,2362,6538,3817,1185,30,-300.0
6363,13816,9333,2009,6612,2721,592,9,-129.0
2328,3612,1866,321,1806,60,0,0,261.0
1444,2236,1153,198,1118,35,0,0,163.0
5855,13984,10125,2303,6432,3693,1120,37,-307.0
4462,7463,4126,755,3722,404,19,0,370.0
6145,13392,9046,1944,6428,2618,536,7,-145.0
3298,5253,2780,489,2626,154,1,0,336.0
5705,14476,10984,2596,6392,4592,1692,79,-383.0
5197,14374,11830,3005,5630,6200,3114,271,-352.0
5916,14251,10396,2381,6506,3890,1239,50,-320.0
6348,12670,8052,1652,6192,1860,286,0,78.0
5898,10781,6400,1242,5348,1052,85,0,275.0
4909,13871,13040,4048,1792,11248,10287,3057,30.0
6234,13557,9174,1979,6474,2700,609,16,-128.0
360,544,274,46,272,2,0,0,44.0
4912,14068,12713,3607,3784,8929,6500,1228,-50.0
5777,14235,10581,2464,6378,4203,1479,81,-341.0
6225,13581,9207,1988,6486,2721,609,13,-137.0
5709,14267,10726,2519,6338,4388,1591,73,-351.0
5624,14509,11175,2679,6276,4899,1957,126,-389.0
4910,13884,12984,3953,2250,10734,9384,2546,57.0
6227,12389,7851,1607,6060,1791,269,3,82.0
6188,13914,9632,2113,6586,3046,742,16,-207.0
6354,13154,8580,1796,6384,2196,386,2,-16.0
6322,13298,8763,1848,6438,2325,422,6,-61.0
5013,14259,12362,3322,4792,7570,4675,633,-206.0
5566,14413,11103,2655,6276,4827,1861,88,-399.0
6077,13603,9423,2072,6414,3009,775,13,-175.0
5922,14190,10273,2334,6542,3731,1106,38,-329.0
5103,8734,4923,916,4350,573,34,1,376.0
6352,13082,8502,1775,6354,2148,374,4,-3.0
5666,10245,6028,1161,5090,938,65,0,288.0
5997,11121,6685,1312,5498,1187,125,1,249.0
5057,14325,12233,3231,5080,7153,4165,509,-266.0
5650,14381,10983,2613,6288,4695,1805,84,-361.0
6127,14164,10024,2240,6608,3416,948,25,-253.0
2212,3452,1793,310,1726,67,0,0,243.0
6000,14102,10107,2281,6528,3579,1046,24,-276.0
5180,14330,11901,3056,5466,6435,3398,324,-305.0
1080,1648,838,142,824,14,0,0,128.0
4630,7691,4224,768,3840,384,11,0,395.0
6161,11761,7218,1439,5802,1416,157,1,179.0
6180,13064,8653,1834,6302,2351,460,8,-65.0
4882,14091,12647,3544,4030,8617,6031,1064,-106.0
5676,14391,10911,2578,6354,4557,1683,86,-382.0
6360,13277,8699,1826,6442,2257,393,6,-44.0
6129,13445,9142,1977,6422,2720,601,9,-151.0
5700,10244,6007,1155,5084,923,76,0,308.0
5095,14362,12254,3235,5098,7156,4166,493,-248.0
6283,12440,7837,1594,6110,1727,220,1,86.0
6182,13723,9396,2041,6546,2850,631,8,-186.0
6118,11473,6955,1374,5666,1289,141,0,226.0
6358,12776,8152,1677,6242,1910,292,2,57.0
6354,12483,7848,1598,6108,1740,267,4,121.0
5999,14240,10253,2321,6580,3673,1080,37,-309.0
6091,13924,9764,2165,6538,3226,848,21,-234.0
6136,11622,7099,1411,5732,1367,158,0,202.0
6201,13739,9414,2049,6534,2880,671,13,-173.0
6178,12805,8352,1748,6216,2136,373,8,-23.0
5616,14210,10766,2542,6280,4486,1650,76,-370.0
5426,14547,11541,2834,6078,5463,2391,176,-414.0
5842,10665,6320,1224,5296,1024,73,0,273.0
4224,6954,3789,684,3474,315,6,0,375.0
2964,4688,2467,432,2342,125,4,0,311.0
6142,13728,9467,2071,6508,2959,712,14,-190.0
6355,12400,7749,1569,6084,1665,232,1,135.0
960,1456,736,124,728,8,0,0,116.0
5786,14397,10764,2515,6438,4326,1521,72,-362.0
5596,14396,11046,2634,6288,4758,1820,84,-388.0
5007,14271,12209,3220,5098,7111,4075,459,-275.0
6403,13254,8655,1816,6414,2241,426,13,-12.0
6258,13278,8803,1865,6416,2387,446,6,-82.0
6234,13843,9513,2077,6564,2949,715,16,-173.0
5324,14351,11505,2856,5874,5631,2603,206,-378.0
520,788,398,67,394,4,0,0,63.0
4913,13870,13040,4064,1696,11344,10478,3179,19.0
5300,9096,5135,956,4534,601,28,0,383.0
4881,13929,12907,3822,2882,10025,8165,1925,37.0
5159,14351,11968,3085,5426,6542,3499,351,-309.0
6186,13872,9597,2106,6558,3039,756,18,-195.0
5754,14465,10875,2548,6462,4413,1541,60,-384.0
444,672,339,57,336,3,0,0,54.0
2258,3533,1840,319,1766,74,1,0,246.0
6276,13334,8876,1890,6412,2464,510,8,-72.0
5965,14110,10191,2320,6462,3729,1186,51,-274.0
6185,12429,7930,1631,6074,1856,281,1,55.0
4900,8302,4638,856,4140,498,22,0,380.0
4885,13989,12858,3745,3246,9612,7497,1621,9.0
6175,14150,9910,2192,6668,3242,814,21,-257.0
5100,14309,12067,3146,5258,6809,3793,418,-288.0
4780,8020,4445,815,4000,445,20,0,390.0
6055,13983,9864,2196,6552,3312,879,23,-260.0
6352,13903,9458,2049,6622,2836,659,14,-142.0
3174,5077,2699,477,2536,163,5,0,319.0
5912,14029,10160,2317,6418,3742,1193,42,-274.0
5967,14341,10464,2398,6540,3924,1261,43,-308.0
5838,14233,10474,2416,6452,4022,1329,60,-337.0
4806,8155,4558,841,4070,488,15,0,368.0
6389,13096,8472,1761,6378,2094,340,3,4.0
3974,6517,3539,637,3256,283,5,0,359.0
6155,12738,8295,1733,6192,2103,354,5,-21.0
5647,9960,5754,1093,4950,804,60,1,348.0
4895,13913,12967,3890,2594,10373,8725,2183,59.0
5960,13590,9492,2096,6408,3084,774,20,-234.0
6265,12411,7817,1589,6100,1717,211,1,82.0
5687,14400,10931,2587,6340,4591,1720,85,-369.0
328,496,250,42,248,2,0,0,40.0
3712,6036,3254,582,3016,238,4,0,348.0
6379,13890,9424,2039,6614,2810,662,17,-126.0
6292,12815,8252,1709,6250,2002,315,2,20.0
6266,12836,8290,1720,6260,2030,316,6,0.0
4885,13931,12899,3821,2872,10027,8187,1949,32.0
5419,14431,11545,2870,5870,5675,2691,223,-337.0
5368,14381,11510,2854,5896,5614,2589,186,-357.0
5885,14147,10282,2345,6494,3788,1159,41,-325.0
6417,13670,9125,1948,6562,2563,546,7,-76.0
6218,11806,7232,1442,5812,1420,182,2,202.0
6082,13933,9805,2183,6512,3293,909,28,-229.0
1796,2768,1421,243,1384,37,0,0,206.0
6066,13779,9616,2124,6488,3128,803,20,-221.0
4356,7178,3916,708,3584,332,10,0,386.0
6140,11500,6953,1369,5692,1261,116,0,224.0
6108,13970,9829,2189,6524,3305,922,28,-222.0
6047,11358,6883,1358,5618,1265,122,1,214.0
5443,14485,11475,2816,6054,5421,2377,155,-383.0
6266,13711,9324,2019,6534,2790,643,12,-140.0
6226,12983,8489,1777,6316,2173,351,0,-45.0
4772,7948,4375,797,3968,407,12,0,402.0
6084,13629,9411,2061,6456,2955,717,18,-195.0
5794,14428,10804,2527,6446,4358,1536,62,-357.0
5835,14400,10671,2471,6516,4155,1368,49,-365.0
5894,14214,10392,2384,6480,3912,1254,38,-312.0
4404,7346,4050,739,3666,384,14,0,369.0
4895,13906,12979,3912,2486,10493,8934,2297,56.0
4760,8012,4452,818,3996,456,20,0,382.0
2642,4189,2208,387,2094,114,1,0,274.0
4912,14162,12578,3474,4312,8266,5538,892,-146.0
5230,14354,11721,2959,5688,6033,2978,266,-362.0
5611,14250,10817,2558,6286,4531,1678,85,-380.0
6409,12508,7817,1583,6136,1681,236,3,135.0
5988,11392,6967,1384,5630,1337,132,0,179.0
5756,14319,10670,2482,6448,4222,1423,58,-375.0
6378,13670,9140,1951,6574,2566,522,10,-103.0
6269,13748,9355,2025,6560,2795,628,7,-149.0
5222,9165,5271,997,4560,711,45,0,331.0
4700,7948,4433,817,3964,469,20,0,368.0
6114,14041,9892,2203,6566,3326,909,24,-238.0
6168,13899,9641,2119,6568,3073,763,18,-209.0
6238,12838,8325,1733,6252,2073,334,2,-8.0
6152,14192,10002,2224,6660,3342,872,16,-262.0
5678,14331,10869,2573,6300,4569,1731,92,-357.0
4352,7136,3874,697,3566,308,4,0,393.0
5733,14309,10766,2532,6340,4426,1629,77,-342.0
3064,4898,2601,459,2448,153,2,0,308.0
4921,14158,12547,3458,4346,8201,5466,871,-148.0
6312,11998,7351,1465,5912,1439,174,0,200.0
6267,13205,8711,1838,6394,2317,417,3,-65.0
5797,14280,10547,2433,6496,4051,1288,39,-369.0
5036,14236,12286,3292,4820,7466,4596,628,-206.0
6214,13151,8715,1848,6342,2373,467,12,-70.0
6149,13490,9185,1990,6430,2755,630,11,-146.0
5411,14364,11342,2774,6040,5302,2284,141,-385.0
4909,13884,13002,3981,2118,10884,9648,2699,46.0
732,1108,559,94,554,5,0,0,89.0
5147,14331,11934,3069,5454,6480,3423,331,-319.0
4945,14243,12478,3383,4658,7820,4927,693,-203.0
5466,14375,11316,2771,6006,5310,2363,188,-364.0
5995,10870,6418,1241,5390,1028,90,1,302.0
4913,14176,12476,3397,4570,7906,5036,711,-184.0
5874,11045,6704,1325,5458,1246,129,0,208.0
4638,7697,4225,768,3842,383,13,0,398.0
4906,13872,13007,3996,2038,10969,9796,2778,45.0
6281,12636,8081,1667,6160,1921,316,3,59.0
5969,14125,10170,2305,6510,3660,1105,41,-291.0
5877,14176,10419,2408,6390,4029,1396,63,-288.0
6188,12294,7770,1585,6030,1740,234,0,79.0
5852,10538,6180,1187,5238,942,62,0,307.0
5945,14040,10096,2286,6476,3620,1088,39,-285.0
1900,2960,1535,265,1480,55,0,0,210.0
6232,12405,7848,1602,6084,1764,237,2,73.0
4894,14055,12735,3623,3732,9003,6591,1260,-49.0
6417,13610,9032,1917,6562,2470,486,11,-78.0
3328,5340,2844,503,2670,174,0,0,329.0
6029,14046,9963,2226,6570,3393,906,19,-280.0
5093,14296,12021,3117,5340,6681,3616,351,-299.0
5072,8682,4891,909,4328,563,26,0,372.0
5738,14277,10667,2489,6400,4267,1477,60,-361.0
5844,14245,10474,2412,6476,3998,1293,46,-339.0
6207,13042,8606,1819,6298,2308,446,5,-48.0
5374,9337,5323,999,4652,671,33,0,361.0
5266,14387,11692,2939,5750,5942,2887,252,-368.0
4899,13872,12969,3946,2262,10707,9348,2537,50.0
6147,13877,9650,2126,6544,3106,789,15,-206.0
3892,6422,3508,635,3206,302,10,0,343.0
6103,14060,9932,2218,6556,3376,948,33,-243.0
5239,14415,11783,2974,5722,6061,2971,251,-367.0
5307,14419,11722,2953,5726,5996,2967,267,-343.0
6429,13545,8961,1899,6528,2433,489,9,-54.0
5409,14402,11376,2784,6048,5328,2306,163,-401.0
5494,14460,11388,2785,6066,5322,2328,154,-363.0
5520,9896,5790,1111,4914,876,68,0,303.0
3586,5723,3035,535,2860,175,3,0,363.0
5270,9251,5324,1008,4600,724,51,0,335.0
4911,13872,13046,4053,1774,11272,10324,3073,32.0
4877,13980,12829,3720,3338,9491,7304,1527,6.0
5975,14196,10207,2305,6584,3623,1028,29,-319.0
5715,14488,10976,2592,6400,4576,1688,93,-389.0
5962,14287,10374,2366,6552,3822,1183,44,-317.0
6360,12178,7491,1496,6006,1485,166,0,177.0
5892,10578,6198,1191,5250,948,78,0,321.0
4885,14016,12781,3674,3518,9263,6980,1415,-24.0
6118,11940,7460,1510,5860,1600,220,2,128.0
5319,14460,11582,2863,5986,5596,2488,177,-422.0
0,0,0,0,0,0,0,0,0.0
6026,14305,10335,2349,6576,3759,1153,36,-293.0
6176,13530,9208,1995,6446,2762,638,12,-141.0
5107,14367,12002,3088,5476,6526,3415,323,-346.0
4911,14056,12744,3633,3690,9054,6676,1289,-34.0
6109,13953,9758,2157,6574,3184,805,21,-243.0
4914,14105,12568,3496,4160,8408,5785,992,-119.0
5015,14263,12170,3202,5128,7042,4007,447,-280.0
6085,11659,7182,1437,5742,1440,175,1,171.0
6021,14364,10378,2355,6626,3752,1112,35,-320.0
4640,7802,4327,793,3896,431,10,0,372.0
6020,14187,10139,2278,6610,3529,967,22,-306.0
3442,5497,2916,514,2748,168,1,0,347.0
6121,14116,9968,2223,6598,3370,920,23,-250.0
2076,3248,1691,293,1624,67,0,0,226.0
5081,14321,12042,3123,5346,6696,3629,377,-321.0
6182,13612,9284,2013,6490,2794,632,10,-159.0
6367,13251,8669,1818,6430,2239,391,3,-33.0
6018,11235,6793,1340,5546,1247,143,0,236.0
4907,13871,13037,4038,1846,11191,10179,2991,35.0
4606,7739,4296,789,3858,438,23,0,374.0
5214,14316,11843,3035,5476,6367,3364,326,-294.0
5938,14036,10111,2293,6464,3647,1108,34,-280.0
1900,2936,1511,259,1468,43,0,0,216.0
5701,14301,10769,2529,6364,4405,1573,57,-360.0
3412,5418,2860,502,2708,152,2,0,352.0
4270,7015,3816,688,3504,312,7,0,383.0
5657,14179,10654,2498,6320,4334,1539,69,-366.0
6264,13301,8849,1883,6400,2449,501,6,-71.0
6266,13203,8733,1850,6366,2367,471,8,-54.0
5470,14428,11319,2754,6114,5205,2200,142,-393.0
4919,14191,12527,3430,4474,8053,5243,795,-175.0
3614,5835,3126,556,2916,210,3,0,349.0
5416,9514,5475,1036,4734,741,46,0,341.0
5928,10842,6449,1255,5368,1081,106,0,280.0
6109,14016,9828,2175,6606,3222,804,11,-254.0
5338,14448,11594,2875,5938,5656,2572,182,-391.0
5806,14379,10724,2499,6454,4270,1471,48,-348.0
4903,13891,12979,3938,2330,10649,9231,2467,53.0
6007,14155,10157,2295,6544,3613,1067,35,-286.0
6248,12651,8121,1679,6168,1953,315,2,39.0
6242,13712,9351,2030,6522,2829,668,18,-149.0
5025,14232,12237,3256,4938,7299,4356,539,-226.0
5964,14170,10232,2324,6520,3712,1130,40,-298.0
6157,13878,9610,2107,6578,3032,722,15,-218.0
5822,10559,6234,1205,5238,996,83,0,292.0
5911,14188,10296,2345,6522,3774,1144,41,-326.0
6163,14196,10006,2227,6650,3356,896,21,-254.0
856,1300,658,111,650,8,0,0,103.0
6235,13100,8625,1817,6348,2277,404,1,-57.0
5242,14397,11838,3014,5592,6246,3213,312,-331.0
6338,12717,8106,1666,6216,1890,285,0,61.0
2384,3716,1928,333,1858,70,0,0,263.0
6108,11385,6861,1348,5634,1227,117,2,236.0
6257,13818,9448,2053,6578,2870,662,11,-166.0
5220,14422,11807,2982,5722,6085,2978,252,-377.0
5296,9202,5247,985,4584,663,34,0,356.0
5576,14454,11185,2692,6218,4967,2018,128,-385.0
5096,14375,12111,3150,5322,6789,3731,410,-318.0
5652,10124,5919,1135,5028,891,68,0,312.0
5877,14247,10450,2403,6482,3968,1283,41,-323.0
5179,14353,11839,3017,5576,6263,3201,307,-352.0
4989,14221,12333,3316,4770,7563,4681,649,-215.0
6136,11752,7237,1448,5786,1451,180,4,173.0
5255,14451,11765,2956,5794,5971,2863,235,-387.0
6248,13566,9132,1956,6528,2604,510,4,-142.0
5889,14316,10514,2422,6496,4018,1324,63,-335.0
4875,14034,12662,3577,3862,8800,6310,1161,-74.0
4930,14114,12560,3487,4198,8362,5718,954,-111.0
5670,14276,10815,2558,6282,4533,1712,86,-349.0
4070,6721,3673,665,3356,317,9,0,357.0
4988,14314,12375,3302,4938,7437,4438,556,-253.0
5565,14232,10858,2577,6254,4604,1724,83,-386.0
892,1356,687,116,678,9,0,0,107.0
5792,14331,10648,2472,6464,4184,1403,54,-363.0
6005,14275,10283,2329,6592,3691,1091,45,-316.0
5359,14519,11650,2886,5984,5666,2551,167,-396.0
6018,14007,9956,2231,6526,3430,955,20,-264.0
4911,13872,13040,4057,1738,11302,10396,3129,22.0
6312,13844,9397,2028,6626,2771,592,12,-163.0
6123,11880,7381,1486,5846,1535,188,1,138.0
6114,11517,7002,1386,5688,1314,141,0,213.0
5974,14280,10313,2337,6604,3709,1072,30,-330.0
6246,12790,8275,1721,6224,2051,342,2,10.0
6380,13036,8426,1752,6340,2086,356,4,18.0
5297,14413,11680,2928,5792,5888,2829,233,-364.0
6134,13986,9797,2171,6568,3229,850,18,-226.0
5086,8759,4958,925,4366,592,27,0,360.0
5070,14310,12260,3259,4966,7294,4378,582,-239.0
2552,4000,2086,362,2000,86,0,0,276.0
3588,5770,3080,546,2884,196,2,0,352.0
6152,13927,9693,2136,6570,3123,787,18,-218.0
6267,13542,9104,1951,6502,2602,538,9,-122.0
5632,9972,5776,1099,4958,818,56,0,337.0
2428,3832,2011,351,1916,95,0,0,256.0
6141,13541,9271,2020,6422,2849,697,17,-149.0
6280,13114,8609,1812,6346,2263,422,8,-37.0
6006,14241,10290,2342,6528,3762,1185,52,-287.0
6236,11752,7151,1417,5800,1351,152,0,218.0
6008,14097,10077,2269,6540,3537,1017,30,-281.0
1504,2308,1180,201,1154,26,0,0,175.0
3894,6351,3434,616,3172,262,7,0,361.0
6114,11386,6868,1352,5624,1244,138,2,244.0
6298,12136,7507,1507,5972,1535,192,2,162.0
2874,4557,2402,421,2278,124,1,0,298.0
6193,13792,9507,2082,6522,2985,748,19,-174.0
4999,14174,12402,3384,4500,7902,5174,813,-157.0
6145,11941,7426,1496,5876,1550,189,1,134.0
5005,8549,4809,893,4260,549,29,1,372.0
5656,10038,5821,1108,4994,827,50,0,331.0
5014,8489,4741,875,4232,509,25,0,391.0
860,1296,651,109,648,3,0,0,106.0
5998,13973,9980,2252,6448,3532,1077,44,-247.0
5859,14289,10531,2433,6464,4067,1361,59,-332.0
4891,13991,12753,3662,3534,9219,6923,1375,-9.0
4965,14178,12336,3325,4722,7614,4734,647,-202.0
6050,14098,10012,2241,6578,3434,942,26,-277.0
5856,14326,10533,2424,6522,4011,1282,56,-361.0
5432,14398,11350,2773,6062,5288,2274,148,-389.0
5500,14412,11228,2713,6178,5050,2056,116,-397.0
6253,13324,8873,1888,6418,2455,488,7,-86.0
6087,11787,7315,1472,5798,1517,191,3,143.0
6295,13806,9374,2023,6610,2764,586,5,-160.0
6044,11938,7531,1537,5840,1691,258,4,100.0
6310,12109,7469,1496,5962,1507,185,0,174.0
5536,9690,5553,1046,4830,723,30,0,353.0
4913,13873,13032,4043,1806,11226,10261,3049,29.0
6207,13837,9516,2076,6576,2940,685,11,-190.0
5038,14271,12236,3250,4972,7264,4327,560,-247.0
5525,14397,11230,2725,6110,5120,2177,149,-367.0
5930,10945,6560,1285,5410,1150,125,0,260.0
5752,10246,5949,1132,5106,843,34,0,323.0
5103,14376,12088,3137,5354,6734,3668,393,-322.0
5448,14437,11355,2767,6108,5247,2221,142,-401.0
6351,13022,8442,1760,6324,2118,374,5,11.0
6343,13365,8825,1865,6460,2365,445,7,-62.0
1352,2080,1066,182,1040,26,0,0,156.0
5290,14409,11706,2942,5760,5946,2889,240,-355.0
5716,14361,10827,2547,6372,4455,1617,74,-365.0
5917,14020,10046,2261,6526,3520,968,27,-318.0
4468,7446,4098,746,3720,378,6,0,374.0
5145,14313,11837,3020,5554,6283,3205,293,-351.0
5716,10046,5786,1096,4996,790,54,0,360.0
6158,13907,9690,2141,6534,3156,839,24,-200.0
4912,13865,13029,4048,1770,11259,10325,3086,28.0
6380,13986,9517,2061,6668,2849,650,12,-150.0
4484,7616,4261,787,3800,461,16,0,342.0
5860,14379,10602,2444,6540,4062,1299,42,-361.0
6093,11720,7244,1454,5764,1480,192,3,163.0
4892,13951,12834,3754,3144,9690,7663,1706,21.0
5926,14349,10549,2436,6482,4067,1385,64,-310.0
6179,14005,9772,2160,6584,3188,837,23,-214.0
6176,12857,8398,1757,6254,2144,349,2,-40.0
5153,14273,11774,2994,5584,6190,3105,249,-340.0
5764,10458,6172,1192,5192,980,74,0,286.0
5291,14340,11511,2856,5886,5625,2568,193,-394.0
6291,12851,8288,1718,6268,2020,315,3,10.0
6163,12303,7804,1597,6026,1778,251,3,67.0
5172,14349,11956,3083,5414,6542,3521,366,-304.0
4974,14179,12324,3316,4752,7572,4675,616,-197.0
5497,14488,11302,2733,6206,5096,2076,135,-422.0
4026,6587,3571,642,3290,281,7,0,368.0
4885,14066,12678,3581,3870,8808,6326,1183,-84.0
6107,13993,9806,2170,6592,3214,809,15,-250.0
5558,9813,5669,1076,4882,787,49,0,338.0
5454,14488,11409,2783,6120,5289,2248,150,-408.0
5719,10182,5931,1135,5052,879,78,1,333.0
5340,9404,5419,1026,4682,737,40,0,329.0
5854,10563,6200,1191,5254,946,55,0,300.0
5586,9923,5763,1099,4932,831,59,0,327.0
6143,12774,8370,1760,6180,2190,414,5,-21.0
6082,11779,7307,1469,5800,1507,179,0,141.0
5330,9255,5273,989,4612,661,31,0,359.0
5408,14582,11653,2880,6026,5627,2530,184,-401.0
5907,14113,10252,2342,6452,3800,1209,47,-296.0
5106,14328,12085,3153,5252,6833,3824,434,-290.0
6165,12559,8111,1687,6100,2011,359,5,30.0
6388,13526,8976,1906,6516,2460,494,8,-68.0
5524,14389,11224,2721,6122,5102,2145,126,-362.0
5414,9459,5422,1023,4706,716,47,0,354.0
5731,14289,10682,2494,6400,4282,1489,71,-370.0
5665,14323,10883,2580,6286,4597,1751,89,-355.0
6198,12316,7794,1593,6030,1764,256,2,83.0
6386,12757,8097,1658,6246,1851,265,4,68.0
6177,13954,9700,2135,6590,3110,774,11,-212.0
2920,4622,2433,426,2310,123,2,0,305.0
892,1360,691,117,680,11,0,0,106.0
6260,13317,8848,1878,6428,2420,461,6,-87.0
6163,13795,9510,2079,6546,2964,703,19,-201.0
1356,2084,1067,182,1042,25,0,0,157.0
1304,2000,1022,174,1000,22,0,0,152.0
6204,12281,7755,1583,6012,1743,257,2,95.0
6269,12734,8197,1699,6200,1997,334,3,33.0
5843,14356,10617,2456,6498,4119,1360,49,-352.0
6415,13347,8725,1828,6482,2243,383,3,-35.0
5882,14278,10457,2399,6520,3937,1238,38,-338.0
5994,14053,10025,2252,6538,3487,977,28,-286.0
5476,9738,5662,1081,4838,824,62,0,319.0
4858,14087,12629,3519,4144,8485,5799,952,-119.0
5788,10392,6087,1169,5160,927,72,0,314.0
5131,14321,11902,3054,5480,6422,3361,335,-342.0
6259,12437,7861,1604,6098,1763,241,3,79.0
5506,9639,5529,1043,4800,729,39,0,353.0
5600,10080,5910,1135,5010,900,60,0,295.0
5804,10510,6202,1199,5210,992,90,0,297.0
552,832,418,70,416,2,0,0,68.0
6221,14066,9795,2161,6624,3171,818,19,-211.0
4913,13872,13046,4077,1630,11416,10612,3263,10.0
6261,13746,9318,2006,6600,2718,546,7,-173.0
6204,13746,9415,2048,6542,2873,662,12,-175.0
5022,14305,12192,3206,5148,7044,4009,468,-297.0
5189,14390,11892,3035,5574,6318,3242,303,-344.0
4913,13872,13054,4086,1592,11462,10688,3303,9.0
5178,8765,4892,902,4372,520,21,0,403.0
6059,14220,10195,2305,6560,3635,1100,41,-271.0
4968,8368,4650,854,4176,474,16,0,396.0
6328,12873,8298,1722,6264,2034,345,2,31.0
6266,12985,8477,1776,6298,2179,389,4,-18.0
5688,14229,10725,2526,6294,4431,1641,78,-342.0
5938,14110,10158,2297,6534,3624,1042,26,-311.0
960,1456,736,124,728,8,0,0,116.0
6223,12820,8343,1745,6216,2127,388,5,1.0
5956,13995,10039,2268,6470,3569,1055,22,-268.0
3474,5609,3006,535,2802,204,5,0,336.0
4908,13879,13026,4008,2004,11022,9871,2810,47.0
5971,14155,10177,2300,6554,3623,1047,31,-307.0
5027,14297,12189,3208,5130,7059,4037,475,-289.0
932,1424,725,123,712,13,0,0,110.0
6226,12201,7649,1553,5980,1669,241,4,121.0
5629,14387,11000,2616,6304,4696,1779,73,-374.0
6300,11916,7251,1434,5898,1353,120,0,201.0
4875,13915,12893,3813,2908,9985,8099,1887,40.0
3240,5184,2756,487,2590,166,4,0,325.0
5734,14198,10603,2478,6338,4265,1522,74,-339.0
4903,13914,12938,3877,2614,10324,8686,2189,50.0
6202,13838,9519,2077,6576,2943,686,14,-194.0
6363,12742,8119,1670,6218,1901,306,5,70.0
5598,9957,5787,1104,4950,837,57,0,324.0
5773,14373,10729,2500,6458,4271,1457,57,-371.0
6263,13649,9235,1989,6536,2699,577,7,-140.0
4883,14008,12800,3696,3424,9376,7160,1501,-21.0
6156,12256,7773,1592,5994,1779,268,0,81.0
3914,6369,3436,615,3182,254,5,0,366.0
5352,14422,11646,2920,5772,5874,2878,268,-344.0
5553,14339,10988,2616,6280,4708,1779,101,-414.0
5937,14291,10459,2406,6482,3977,1327,57,-301.0
4112,6704,3622,649,3350,272,4,0,381.0
6169,13605,9277,2010,6494,2783,617,13,-169.0
6164,12259,7769,1591,5992,1777,275,6,83.0
4929,14194,12428,3363,4678,7750,4838,651,-200.0
4873,13985,12866,3748,3244,9622,7497,1617,6.0
5518,9887,5780,1108,4912,868,63,0,303.0
4584,7708,4274,783,3850,424,8,0,367.0
4903,14062,12591,3518,4074,8517,5914,1001,-86.0
4122,6703,3615,647,3348,267,7,0,387.0
6015,14167,10134,2281,6582,3552,1003,31,-299.0
6138,13397,9065,1952,6418,2647,561,12,-146.0
5378,14388,11552,2877,5842,5710,2704,206,-335.0
6164,14115,9935,2212,6598,3337,919,22,-228.0
4895,13923,12904,3828,2840,10064,8243,1959,48.0
5072,14359,12094,3136,5372,6722,3615,358,-329.0
5499,14403,11213,2704,6202,5011,1999,87,-395.0
3860,6374,3482,630,3184,298,6,0,338.0
5940,10816,6411,1244,5358,1053,100,0,291.0
3840,6340,3468,629,3162,306,16,0,339.0
5018,14230,12292,3286,4868,7424,4494,562,-206.0
5293,14452,11746,2952,5780,5966,2892,243,-365.0
6428,13151,8511,1772,6390,2121,371,6,16.0
5132,14307,11868,3035,5526,6342,3255,290,-342.0
6141,13714,9468,2075,6486,2982,742,15,-180.0
5962,11277,6866,1359,5578,1288,121,0,192.0
5938,11053,6656,1307,5470,1186,113,0,234.0
6182,13541,9197,1988,6466,2731,609,16,-150.0
6320,13103,8565,1798,6342,2223,419,10,-16.0
5514,14399,11164,2684,6224,4940,1951,100,-405.0
5302,9399,5446,1036,4676,770,47,0,313.0
2680,4244,2234,391,2122,112,0,0,279.0
4684,8004,4503,836,3990,513,24,0,347.0
6094,14162,10026,2236,6636,3390,890,14,-278.0
6040,14033,9968,2235,6526,3442,981,34,-260.0
6341,12539,7922,1619,6130,1792,279,1,105.0
1136,1744,892,152,872,20,0,0,132.0
6232,13441,9041,1941,6436,2605,569,14,-109.0
4906,13884,13022,3999,2050,10972,9784,2766,45.0
6198,12013,7455,1499,5916,1539,181,0,141.0
5125,14324,12049,3130,5318,6731,3688,367,-280.0
6084,11586,7088,1408,5728,1360,130,0,178.0
5446,14504,11402,2774,6160,5242,2184,146,-430.0
5932,14296,10414,2379,6554,3860,1188,36,-329.0
6209,13180,8768,1866,6340,2428,500,7,-69.0
5786,14392,10791,2531,6396,4395,1600,82,-346.0
6309,13459,8977,1913,6476,2501,507,5,-86.0
6220,13826,9511,2079,6548,2963,730,20,-174.0
6334,12981,8405,1749,6316,2089,349,0,9.0
5270,9143,5204,975,4558,646,27,0,356.0
6299,13156,8642,1820,6364,2278,428,5,-35.0
6334,13442,8952,1908,6456,2496,530,6,-64.0
4892,14059,12705,3594,3846,8859,6367,1158,-56.0
5833,14456,10772,2510,6484,4288,1488,71,-361.0
5546,9819,5689,1083,4880,809,59,0,333.0
5946,10811,6391,1236,5366,1025,79,0,290.0
4898,13923,12935,3863,2692,10243,8539,2112,47.0
2136,3328,1726,298,1664,62,0,0,236.0
6168,12981,8554,1803,6290,2264,401,2,-62.0
6327,13556,9053,1929,6532,2521,492,5,-105.0
6150,13982,9780,2166,6564,3216,854,22,-218.0
2592,4048,2104,364,2024,80,0,0,284.0
6392,12662,7987,1627,6212,1775,238,0,90.0
6289,13224,8718,1840,6396,2322,432,7,-57.0
5695,14342,10769,2517,6436,4333,1470,49,-395.0
6091,14117,9969,2220,6618,3351,881,27,-277.0
5250,14441,11754,2953,5790,5964,2861,240,-390.0
4881,14035,12686,3588,3844,8842,6347,1149,-56.0
6117,13934,9782,2176,6508,3274,918,31,-211.0
6154,13968,9747,2152,6582,3165,804,10,-219.0
5789,14423,10752,2501,6498,4254,1427,57,-383.0
5859,11240,6939,1392,5526,1413,188,1,166.0
5243,14393,11737,2955,5744,5993,2905,235,-368.0
5761,14227,10571,2457,6400,4171,1427,65,-352.0
5496,9716,5620,1068,4832,788,52,0,332.0
6286,13763,9357,2025,6564,2793,635,12,-145.0
6252,13683,9281,2002,6550,2731,583,6,-152.0
5512,9780,5672,1080,4864,808,52,0,324.0
6054,14296,10260,2316,6624,3636,1048,26,-298.0
6305,13481,9020,1929,6466,2554,549,9,-85.0
4961,14136,12473,3434,4342,8131,5452,891,-136.0
5610,14356,10943,2594,6322,4621,1712,82,-397.0
4901,13880,13033,4014,1982,11051,9916,2839,40.0
5808,10426,6095,1167,5188,907,50,0,310.0
6091,13594,9369,2050,6438,2931,718,21,-184.0
5946,14191,10298,2349,6502,3796,1187,36,-296.0
6344,12876,8265,1707,6288,1977,300,4,26.0
4893,14065,12654,3564,3924,8730,6217,1133,-82.0
5372,14463,11540,2849,5986,5554,2491,186,-400.0
5972,14091,10077,2265,6564,3513,963,22,-307.0
5701,14318,10783,2536,6350,4433,1618,91,-370.0
2418,3817,2004,350,1908,96,1,0,255.0
5417,14278,11212,2733,6026,5186,2226,155,-382.0
6145,11551,7011,1386,5706,1305,139,1,219.0
5364,14426,11591,2887,5860,5731,2706,220,-358.0
3642,5861,3132,556,2928,204,5,0,357.0
5985,13915,9915,2230,6450,3465,1015,25,-245.0
5226,14327,11715,2962,5658,6057,3011,264,-348.0
5476,9448,5355,1000,4710,645,28,0,383.0
1344,2068,1060,181,1034,26,0,0,155.0
5850,10655,6315,1225,5280,1035,95,0,285.0
6377,12518,7864,1600,6128,1736,262,3,123.0
5648,14491,11144,2669,6274,4870,1943,110,-368.0
5366,14295,11350,2793,5942,5408,2411,168,-372.0
5701,14435,10924,2575,6398,4526,1639,73,-385.0
6119,13433,9153,1985,6396,2757,641,15,-146.0
4652,7780,4295,784,3886,409,8,0,383.0
6234,13946,9598,2093,6638,2960,670,10,-207.0
6036,13880,9769,2173,6500,3269,880,32,-248.0
6031,13700,9552,2106,6468,3084,764,9,-223.0
5450,9587,5527,1048,4766,761,55,0,342.0
5628,14497,11126,2655,6322,4804,1853,102,-398.0
5798,14029,10241,2343,6424,3817,1181,40,-333.0
5266,14407,11701,2937,5780,5921,2847,240,-377.0
5338,9323,5335,1004,4646,689,31,0,346.0
4920,14143,12545,3461,4324,8221,5495,874,-139.0
4876,13900,12872,3819,2830,10042,8240,1988,29.0
5908,10710,6316,1219,5318,998,74,0,295.0
6164,13388,9012,1930,6444,2568,500,4,-142.0
312,468,234,39,234,0,0,0,39.0
4901,13899,12935,3880,2590,10345,8719,2197,57.0
5607,14366,11002,2622,6272,4730,1822,93,-379.0
5576,14389,11048,2636,6280,4768,1829,98,-401.0
6190,13077,8643,1827,6324,2319,429,8,-71.0
5993,14093,10112,2285,6514,3598,1065,25,-273.0
4908,14072,12707,3593,3856,8851,6360,1152,-50.0
6325,13309,8802,1865,6414,2388,481,5,-47.0
6314,13248,8743,1850,6386,2357,476,10,-41.0
6262,13693,9285,2003,6552,2733,589,8,-149.0
6189,13435,9082,1958,6416,2666,603,17,-122.0
6091,13717,9506,2087,6490,3016,737,15,-207.0
6003,11220,6775,1333,5552,1223,116,1,225.0
5057,14240,12154,3215,5018,7136,4204,527,-244.0
6225,12289,7730,1571,6034,1696,221,1,95.0
4893,13977,12834,3742,3216,9618,7545,1661,8.0
6185,12436,7949,1639,6064,1885,308,3,59.0
6321,12527,7909,1613,6140,1769,247,1,90.0
5855,14282,10495,2414,6506,3989,1270,41,-346.0
5671,14286,10807,2549,6320,4487,1646,65,-357.0
4046,6593,3561,638,3294,267,5,0,376.0
4906,13867,13011,4020,1902,11109,10063,2944,30.0
4660,7846,4358,800,3916,442,14,0,372.0
6203,13959,9648,2111,6630,3018,699,11,-219.0
6202,13285,8922,1917,6342,2580,601,16,-78.0
5540,9744,5609,1061,4852,757,40,0,344.0
6224,13462,9057,1942,6462,2595,538,8,-123.0
5313,14446,11682,2922,5832,5850,2782,227,-373.0
6290,13478,9033,1935,6456,2577,566,14,-90.0
5614,14336,10917,2587,6312,4605,1712,86,-392.0
4970,14207,12479,3407,4516,7963,5175,784,-165.0
4901,13894,12985,3936,2354,10631,9186,2435,56.0
580,880,445,75,440,5,0,0,70.0
6189,13752,9434,2054,6544,2890,664,11,-183.0
4774,7973,4403,805,3976,427,21,0,399.0
4882,8203,4551,835,4092,459,19,0,395.0
5774,14281,10606,2461,6446,4160,1389,52,-362.0
5230,14362,11747,2970,5674,6073,3014,266,-355.0
6239,13244,8771,1855,6412,2359,420,5,-89.0
5137,14285,11904,3062,5436,6468,3413,313,-306.0
6189,13280,8906,1908,6364,2542,552,11,-93.0
6218,12157,7592,1534,5980,1612,197,0,119.0
6260,13315,8847,1878,6426,2421,463,6,-86.0
5520,14428,11284,2743,6110,5174,2208,144,-367.0
5291,14444,11709,2928,5850,5859,2744,185,-372.0
4718,7985,4453,820,3986,467,13,0,366.0
5026,14280,12258,3252,5004,7254,4272,518,-248.0
6151,13990,9812,2180,6544,3268,902,21,-207.0
4914,13872,13044,4068,1680,11364,10512,3198,18.0
6308,13502,9038,1933,6478,2560,546,8,-89.0
6144,14121,9966,2225,6582,3384,957,34,-236.0
4895,13913,12946,3876,2636,10310,8641,2155,52.0
4877,14032,12728,3626,3700,9028,6632,1283,-53.0
6281,12841,8297,1724,6250,2047,341,5,13.0
5003,14238,12237,3253,4956,7281,4326,549,-251.0
6209,13689,9358,2034,6512,2846,665,9,-156.0
5296,14436,11713,2939,5792,5921,2852,236,-366.0
4780,8092,4517,833,4036,481,20,0,372.0
5689,14427,10872,2547,6462,4410,1503,53,-413.0
1220,1864,949,161,932,17,0,0,144.0
2842,4461,2330,405,2230,100,1,0,306.0
5126,14314,11885,3044,5506,6379,3302,314,-347.0
5404,14474,11472,2814,6060,5412,2354,168,-412.0
5806,10613,6309,1227,5256,1053,101,0,275.0
4156,6890,3778,686,3440,338,10,0,358.0
6306,12643,8045,1650,6190,1855,263,0,58.0
5480,9712,5624,1069,4834,790,44,0,323.0
6226,13413,9008,1930,6436,2572,541,8,-109.0
6248,14068,9755,2143,6652,3103,764,12,-208.0
6235,13486,9072,1945,6474,2598,538,9,-124.0
5445,14406,11364,2780,6048,5316,2310,151,-377.0
5887,14142,10260,2335,6510,3750,1122,37,-330.0
6304,13486,9039,1938,6450,2589,586,16,-81.0
6332,13687,9203,1972,6574,2629,539,6,-124.0
5585,14243,10829,2562,6286,4543,1671,81,-391.0
4906,13903,12960,3915,2430,10530,9043,2380,48.0
6213,13462,9074,1949,6454,2620,554,7,-124.0
1408,2156,1100,187,1078,22,0,0,165.0
4898,13892,12964,3916,2432,10532,9028,2358,54.0
4806,8097,4499,826,4042,457,13,0,382.0
5803,14119,10390,2396,6404,3986,1311,43,-322.0
5934,14239,10389,2383,6480,3909,1279,52,-299.0
6264,13173,8709,1845,6348,2361,477,6,-45.0
5819,10472,6141,1180,5202,939,68,1,308.0
5982,13805,9718,2158,6488,3230,829,20,-263.0
6194,13773,9450,2057,6558,2892,657,8,-186.0
5057,14304,12250,3245,5030,7220,4244,511,-242.0
4676,7862,4364,801,3922,442,18,0,377.0
6322,12809,8226,1701,6246,1980,317,0,38.0
5136,14390,12028,3102,5444,6584,3502,348,-328.0
3906,6393,3466,623,3194,272,5,0,356.0
5929,14109,10174,2304,6524,3650,1061,25,-310.0
5842,10845,6520,1279,5366,1154,113,0,238.0
5819,10500,6179,1192,5206,973,88,1,306.0
5747,14280,10692,2501,6378,4314,1524,53,-342.0
4894,14103,12685,3561,4004,8681,6095,1060,-85.0
2392,3776,1982,346,1888,94,0,0,252.0
4881,13936,12854,3778,3040,9814,7856,1799,21.0
5993,10739,6277,1203,5336,941,67,1,328.0
5117,14359,12047,3120,5374,6673,3611,373,-315.0
4880,13949,12900,3798,3012,9888,7925,1802,33.0
5432,14419,11418,2805,6006,5412,2407,174,-374.0
4446,7355,4024,729,3674,350,7,0,386.0
6054,11596,7142,1429,5710,1432,176,2,171.0
5416,9580,5550,1057,4758,792,64,0,329.0
5890,14156,10294,2349,6494,3800,1168,38,-321.0
6268,13343,8883,1890,6426,2457,491,6,-82.0
6234,12125,7566,1531,5946,1620,233,0,144.0
5708,10208,5963,1143,5068,895,72,0,320.0
6223,12212,7654,1552,5996,1658,220,1,113.0
6273,11997,7372,1471,5918,1454,161,1,177.0
6311,12754,8153,1677,6244,1909,266,1,33.0
6279,12222,7625,1542,5998,1627,226,1,140.0
5406,14405,11467,2830,5954,5513,2497,176,-362.0
6052,13917,9812,2186,6508,3304,901,22,-239.0
6150,12026,7525,1525,5900,1625,226,2,124.0
6212,13310,8885,1892,6418,2467,474,4,-105.0
6347,13648,9136,1950,6572,2564,504,5,-115.0
6273,13621,9205,1982,6518,2687,585,5,-125.0
4726,8001,4465,823,3992,473,17,0,367.0
6296,13150,8647,1824,6350,2297,450,8,-31.0
6191,13672,9368,2042,6484,2884,704,17,-155.0
5691,14418,10953,2594,6342,4611,1734,85,-368.0
6319,13381,8893,1892,6434,2459,513,7,-61.0
5526,14474,11293,2735,6176,5117,2122,130,-390.0
6468,12859,8142,1665,6294,1848,271,2,86.0
5614,10083,5910,1136,5004,906,75,0,305.0
2384,3740,1952,339,1870,82,0,0,257.0
6408,13255,8639,1807,6436,2203,383,2,-15.0
4912,13870,13047,4072,1662,11385,10546,3216,17.0
5974,10667,6222,1191,5298,924,71,0,338.0
6281,12484,7926,1628,6084,1842,316,7,95.0
5428,9340,5283,985,4656,627,28,0,386.0
5999,14297,10335,2347,6588,3747,1121,31,-310.0
4468,7482,4140,758,3732,408,18,0,368.0
5661,14301,10817,2550,6334,4483,1633,73,-373.0
6264,12556,7974,1631,6162,1812,232,0,51.0
6267,13256,8778,1859,6402,2376,452,5,-70.0
6252,13123,8659,1831,6332,2327,459,6,-43.0
5209,14374,11847,3019,5580,6267,3214,303,-337.0
3418,5531,2969,529,2764,205,3,0,327.0
6233,13519,9134,1968,6460,2674,599,13,-120.0
5920,11162,6777,1338,5526,1251,110,0,197.0
1512,2332,1198,205,1166,32,0,0,173.0
4918,14052,12588,3526,4020,8568,6012,1042,-72.0
1910,2969,1537,265,1484,53,1,0,213.0
4976,14185,12314,3312,4756,7558,4673,634,-207.0
6334,13157,8604,1805,6378,2226,401,4,-24.0
5368,14468,11610,2883,5922,5688,2624,192,-373.0
6223,12450,7913,1622,6094,1819,262,1,64.0
760,1156,586,99,578,8,0,0,91.0
5924,11044,6655,1307,5468,1187,108,0,228.0
6265,13956,9602,2098,6616,2986,724,23,-187.0
6314,13467,8960,1903,6502,2458,463,4,-96.0
468,704,353,59,352,1,0,0,58.0
6100,13967,9801,2173,6564,3237,839,14,-239.0
6256,13452,9016,1928,6464,2552,524,8,-108.0
5936,14414,10559,2424,6574,3985,1266,48,-343.0
6420,12684,7990,1627,6218,1772,248,4,99.0
5151,14418,12113,3147,5344,6769,3730,409,-301.0
6245,13632,9235,1991,6524,2711,584,7,-143.0
5710,14264,10697,2504,6370,4327,1524,62,-361.0
232,348,174,29,174,0,0,0,29.0
6036,14423,10460,2384,6616,3844,1191,42,-311.0
5454,9485,5413,1017,4724,689,37,0,365.0
5785,14174,10429,2400,6458,3971,1258,47,-360.0
6338,13428,8897,1884,6490,2407,448,2,-77.0
5992,13974,9915,2215,6540,3375,894,16,-282.0
5201,14365,11865,3034,5526,6339,3313,341,-333.0
5909,14233,10363,2366,6530,3833,1173,33,-327.0
5648,14116,10525,2446,6374,4151,1368,52,-389.0
5117,14334,12111,3169,5208,6903,3918,459,-275.0
5564,10010,5866,1126,4976,890,58,0,294.0
6239,13741,9389,2041,6532,2857,677,15,-154.0
5604,9768,5585,1051,4864,721,40,0,370.0
6243,13270,8815,1871,6404,2411,462,5,-83.0
4937,14193,12556,3448,4424,8132,5345,809,-148.0
6228,13526,9147,1972,6462,2685,602,12,-123.0
5139,14392,11993,3086,5470,6523,3452,361,-346.0
6152,13722,9498,2091,6450,3048,822,28,-163.0
6217,13030,8605,1823,6272,2333,486,7,-31.0
1184,1816,928,158,908,20,0,0,138.0
2274,3549,1844,319,1774,70,1,0,250.0
6456,13610,8970,1890,6600,2370,410,4,-74.0
6224,11664,7058,1391,5770,1288,124,0,227.0
5375,14454,11574,2870,5928,5646,2598,197,-375.0
5930,14160,10264,2339,6494,3770,1172,46,-305.0
5355,14437,11603,2892,5854,5749,2729,243,-371.0
5218,8953,5056,942,4460,596,33,0,379.0
4972,14206,12478,3405,4526,7952,5154,768,-161.0
4896,14045,12675,3582,3858,8817,6329,1150,-56.0
5912,14085,10142,2292,6532,3610,1021,26,-323.0
4931,14176,12503,3424,4462,8041,5252,801,-166.0
4726,7947,4410,809,3966,444,15,0,380.0
5526,14483,11287,2729,6200,5087,2083,124,-399.0
5990,14118,10100,2272,6568,3532,982,22,-300.0
5264,9336,5412,1030,4644,768,48,0,310.0
6176,13924,9677,2132,6562,3115,800,20,-203.0
6100,11975,7510,1524,5876,1634,223,2,111.0
5456,14350,11234,2728,6100,5134,2150,132,-388.0
6312,13179,8635,1812,6398,2237,383,2,-44.0
5129,14263,11839,3033,5480,6359,3303,305,-328.0
5948,10902,6494,1265,5398,1096,106,0,275.0
5802,14469,10881,2562,6390,4491,1689,108,-348.0
4997,14221,12338,3317,4774,7564,4673,629,-203.0
4904,14081,12669,3564,3954,8715,6173,1094,-72.0
24,36,18,3,18,0,0,0,3.0
6192,13958,9660,2116,6624,3036,710,12,-222.0
5075,14309,12153,3193,5148,7005,4013,475,-274.0
5479,14479,11317,2738,6206,5111,2067,115,-421.0
5793,14306,10595,2451,6484,4111,1338,47,-369.0
6327,13523,9003,1912,6534,2469,455,3,-105.0
6243,12819,8310,1731,6234,2076,351,3,3.0
5878,10737,6371,1236,5326,1045,85,0,276.0
4907,13879,13034,4027,1906,11128,10067,2931,35.0
5566,14355,11081,2664,6178,4903,1999,132,-372.0
6314,12816,8239,1705,6248,1991,320,2,32.0
4882,14072,12661,3558,3974,8687,6124,1082,-87.0
6128,13067,8720,1860,6280,2440,507,6,-79.0
3662,5925,3181,567,2960,221,5,0,351.0
4180,6864,3733,673,3428,305,8,0,376.0
4936,14119,12552,3482,4212,8340,5695,950,-113.0
952,1456,742,126,728,14,0,0,112.0
5590,9997,5831,1115,4972,859,53,0,309.0
5034,14271,12219,3233,5040,7179,4191,496,-251.0
6215,13625,9266,2005,6502,2764,621,11,-149.0
5899,10818,6448,1257,5354,1094,110,1,272.0
4969,14204,12490,3421,4454,8036,5296,847,-166.0
6312,13000,8449,1764,6314,2135,372,4,-3.0
556,840,423,71,420,3,0,0,68.0
5434,9655,5601,1066,4806,795,43,0,314.0
4976,8540,4820,897,4258,562,24,0,359.0
3204,5080,2677,469,2540,137,0,0,332.0
6463,13010,8317,1714,6350,1967,310,1,56.0
4866,13980,12761,3669,3508,9253,6964,1402,-22.0
6240,12224,7659,1554,5994,1665,236,4,121.0
6295,12643,8083,1668,6158,1925,327,3,67.0
6259,12744,8220,1707,6198,2022,348,5,28.0
3486,5659,3046,544,2828,218,3,0,329.0
6342,13774,9285,1993,6612,2673,550,10,-140.0
6201,11993,7434,1494,5904,1530,185,1,148.0
6307,13072,8515,1778,6362,2153,348,1,-28.0
