N0,N1,N2,Volume,Enclosing_surface,Contact_surface,TETRAVOXEL,OCTOVOXEL,MISC_Async
4891,13908,12922,3866,2648,10274,8612,2165,39.0
4877,13988,12799,3698,3410,9389,7168,1487,-10.0
6428,13607,9035,1920,6550,2485,507,6,-64.0
6106,13806,9609,2119,6504,3105,798,22,-210.0
6140,13523,9232,2004,6440,2792,643,10,-155.0
6105,13769,9540,2092,6528,3012,713,9,-216.0
4904,13899,12942,3899,2490,10452,8919,2318,48.0
6259,13536,9105,1952,6498,2607,540,9,-124.0
5320,14414,11653,2915,5816,5837,2782,216,-356.0
5921,14106,10200,2318,6492,3708,1122,35,-303.0
6135,13629,9359,2041,6472,2887,685,15,-176.0
5656,14399,10963,2601,6320,4643,1759,98,-381.0
6282,12738,8176,1689,6218,1958,302,2,31.0
6273,12387,7803,1589,6072,1731,243,1,100.0
6226,13442,9054,1946,6432,2622,578,10,-108.0
4998,14190,12293,3301,4780,7513,4630,618,-200.0
5363,14416,11558,2870,5896,5662,2624,197,-365.0
5802,10571,6251,1208,5254,997,63,0,274.0
6164,11604,7041,1390,5742,1299,120,0,211.0
6360,13172,8603,1804,6382,2221,408,4,-13.0
6206,13556,9233,2006,6430,2803,696,22,-123.0
4500,7490,4116,748,3744,372,2,0,378.0
6349,13578,9071,1936,6526,2545,526,11,-94.0
5879,14227,10392,2381,6498,3894,1231,55,-337.0
2542,4007,2102,367,2002,100,3,0,270.0
5989,11407,6990,1392,5628,1362,151,1,180.0
5039,14186,12026,3151,5146,6880,3894,437,-272.0
5403,14351,11415,2818,5922,5493,2507,183,-351.0
5363,14417,11586,2886,5856,5730,2705,215,-354.0
6327,13191,8651,1819,6388,2263,415,3,-32.0
5219,14404,11880,3030,5580,6300,3244,309,-335.0
5786,14333,10641,2466,6486,4155,1361,44,-372.0
4913,13872,13055,4094,1546,11509,10780,3363,2.0
5215,14357,11777,2982,5662,6115,3033,247,-347.0
4888,14024,12640,3573,3842,8798,6340,1184,-69.0
4863,13954,12834,3733,3270,9564,7414,1573,10.0
4881,14042,12698,3601,3790,8908,6462,1219,-64.0
4911,13875,13041,4046,1806,11235,10263,3043,31.0
6292,12098,7472,1498,5956,1516,186,0,168.0
6269,12900,8380,1749,6266,2114,368,3,0.0
5044,14212,12143,3212,5014,7129,4184,504,-237.0
5981,14140,10163,2298,6538,3625,1064,31,-294.0
6246,13234,8784,1865,6378,2406,478,6,-69.0
5781,14355,10710,2496,6444,4266,1467,57,-360.0
5095,14336,12096,3151,5286,6810,3764,401,-296.0
5947,11034,6630,1300,5460,1170,114,1,243.0
4906,13885,12977,3951,2248,10729,9389,2564,47.0
6161,11757,7218,1440,5796,1422,165,1,182.0
6238,14266,10033,2234,6662,3371,942,34,-229.0
6254,14017,9682,2121,6638,3044,741,20,-202.0
4912,13874,13032,4028,1896,11136,10082,2932,42.0
5714,14375,10840,2549,6386,4454,1603,68,-370.0
5801,14182,10466,2419,6418,4048,1346,51,-334.0
5819,14136,10389,2394,6414,3975,1308,49,-322.0
5792,14339,10690,2491,6434,4256,1471,54,-348.0
6213,13624,9251,1997,6520,2731,584,7,-157.0
5776,14352,10695,2489,6456,4239,1440,60,-370.0
5312,9152,5188,970,4556,632,40,0,378.0
1024,1560,792,134,780,12,0,0,122.0
5924,14221,10343,2361,6520,3823,1181,34,-315.0
5137,14416,12076,3126,5396,6680,3624,399,-329.0
6143,13930,9721,2149,6548,3173,834,25,-215.0
5794,14287,10603,2462,6434,4169,1419,64,-352.0
5086,14294,12124,3184,5144,6980,4006,478,-268.0
4869,13971,12844,3730,3308,9536,7355,1537,12.0
5032,8596,4832,896,4288,544,20,0,372.0
136,204,102,17,102,0,0,0,17.0
4901,13918,12942,3866,2688,10254,8542,2095,59.0
5670,14423,10884,2551,6462,4422,1499,48,-420.0
4888,14036,12718,3619,3722,8996,6592,1264,-49.0
6435,13045,8408,1748,6328,2080,389,7,50.0
5472,14442,11361,2775,6072,5289,2298,168,-384.0
6138,11908,7399,1490,5858,1541,192,2,139.0
2802,4449,2348,412,2224,124,1,0,289.0
6265,13419,8995,1927,6428,2567,563,9,-86.0
5538,14331,11066,2658,6184,4882,1963,124,-385.0
5926,14093,10198,2322,6464,3734,1165,44,-291.0
2738,4351,2299,404,2174,125,3,0,282.0
6125,13906,9691,2137,6560,3131,786,19,-227.0
1284,1972,1009,172,986,23,0,0,149.0
6166,13980,9767,2161,6568,3199,844,14,-208.0
5448,14465,11346,2752,6180,5166,2105,114,-423.0
916,1400,713,121,700,13,0,0,108.0
4868,13934,12866,3771,3106,9760,7722,1704,29.0
6124,14034,9872,2196,6568,3304,898,24,-234.0
2666,4193,2194,382,2096,98,1,0,285.0
3518,5721,3083,551,2860,223,1,0,329.0
5619,14289,10906,2597,6230,4676,1829,111,-361.0
4896,13927,12922,3847,2762,10160,8403,2046,44.0
5952,14112,10129,2284,6554,3575,1004,28,-315.0
4286,7167,3958,723,3578,380,11,0,354.0
4918,14079,12492,3451,4278,8214,5523,880,-120.0
5375,14412,11463,2822,5994,5469,2424,173,-396.0
4889,14012,12687,3613,3696,8991,6620,1291,-49.0
6314,12915,8358,1740,6276,2082,363,4,17.0
5000,8634,4895,914,4306,589,22,0,347.0
6016,13852,9773,2179,6472,3301,908,28,-242.0
4931,14168,12409,3368,4610,7799,4948,713,-196.0
6066,12022,7594,1550,5888,1706,246,2,88.0
6267,13595,9170,1971,6514,2656,567,11,-129.0
2156,3408,1791,313,1704,87,0,0,226.0
5809,14257,10550,2444,6436,4114,1385,57,-342.0
5677,14438,10947,2582,6402,4545,1634,67,-396.0
4915,14148,12605,3497,4228,8377,5692,937,-125.0
6002,14033,10031,2263,6484,3547,1065,44,-263.0
4883,14026,12737,3633,3676,9061,6674,1285,-39.0
5798,10585,6279,1218,5250,1029,85,0,274.0
3208,5114,2709,477,2556,153,2,0,326.0
4926,14133,12597,3498,4206,8391,5721,936,-108.0
6196,13774,9461,2063,6544,2917,686,12,-180.0
4582,7703,4270,782,3848,422,7,0,367.0
4884,13987,12828,3716,3360,9468,7267,1506,9.0
4907,13881,13008,3988,2088,10920,9705,2727,46.0
4966,14230,12417,3351,4728,7689,4774,634,-198.0
5919,13956,9989,2248,6490,3499,976,21,-296.0
4888,14037,12765,3644,3666,9099,6705,1278,-28.0
4927,14076,12641,3553,3964,8677,6148,1085,-61.0
6378,13231,8636,1808,6424,2212,383,4,-25.0
2146,3345,1736,300,1672,64,1,0,237.0
4942,14127,12602,3525,4054,8548,6019,1104,-108.0
6203,13810,9496,2072,6560,2936,690,9,-183.0
5070,14386,12186,3178,5304,6882,3778,382,-308.0
6309,13053,8516,1784,6328,2188,397,5,-12.0
4954,14171,12590,3488,4252,8338,5667,932,-115.0
4871,14037,12740,3628,3712,9028,6613,1267,-54.0
5258,14379,11783,2991,5620,6163,3139,296,-329.0
5944,14157,10214,2315,6538,3676,1081,34,-314.0
5138,14439,12037,3090,5534,6503,3371,312,-354.0
6072,14104,10000,2236,6584,3416,936,24,-268.0
6309,12557,7962,1631,6138,1824,281,5,83.0
5616,14423,11082,2652,6252,4830,1919,118,-377.0
5657,14358,10928,2594,6292,4636,1774,99,-367.0
6261,13218,8759,1859,6364,2395,490,11,-57.0
3888,6332,3420,613,3162,258,8,0,363.0
6236,12397,7841,1601,6076,1765,245,2,79.0
4945,14154,12530,3458,4312,8218,5530,907,-137.0
6144,11443,6899,1357,5656,1243,131,2,243.0
5731,14296,10673,2486,6430,4243,1436,57,-378.0
5347,14414,11621,2907,5800,5821,2814,253,-353.0
5488,14409,11323,2767,6044,5279,2321,174,-365.0
3590,5819,3128,558,2908,220,3,0,341.0
4913,13874,13042,4061,1718,11324,10438,3155,20.0
4908,13913,12930,3869,2646,10284,8621,2150,56.0
5680,14260,10735,2521,6344,4391,1572,68,-366.0
4546,7535,4129,749,3764,365,7,0,391.0
6021,14024,9956,2227,6550,3406,924,19,-274.0
4892,14011,12771,3667,3540,9231,6931,1382,-15.0
5517,14471,11359,2771,6092,5267,2287,157,-366.0
5846,10587,6244,1206,5252,992,83,0,297.0
2056,3180,1638,281,1590,48,0,0,233.0
4909,13878,13021,4006,2006,11015,9866,2811,46.0
5477,14462,11342,2758,6136,5206,2190,143,-401.0
6186,13873,9569,2091,6592,2977,689,12,-209.0
5171,14338,11928,3070,5436,6492,3466,353,-309.0
5153,14424,12046,3107,5450,6596,3524,367,-332.0
5376,9286,5269,985,4628,641,30,0,374.0
4454,7459,4124,754,3724,400,11,0,365.0
6261,13063,8565,1800,6330,2235,403,5,-37.0
5092,14276,12002,3122,5272,6730,3732,428,-304.0
4880,14041,12673,3579,3872,8801,6297,1142,-67.0
5712,10328,6084,1174,5124,960,80,0,294.0
5019,14266,12341,3311,4816,7525,4634,637,-217.0
4632,7722,4259,778,3850,409,22,0,391.0
5387,14436,11522,2848,5956,5566,2524,181,-375.0
5604,10002,5830,1115,4970,860,62,0,317.0
6199,12248,7728,1577,5994,1734,260,1,102.0
5171,14306,11864,3045,5458,6406,3390,345,-316.0
4268,7090,3894,708,3540,354,10,0,364.0
5661,14436,10980,2598,6372,4608,1692,75,-393.0
6348,12723,8098,1662,6224,1874,275,2,61.0
5297,14348,11584,2894,5804,5780,2740,215,-361.0
4949,14150,12441,3402,4470,7971,5210,803,-162.0
6034,11455,6997,1389,5660,1337,135,0,187.0
5004,14196,12422,3377,4582,7840,5032,716,-147.0
5332,9268,5285,992,4618,667,32,0,357.0
5045,14288,12139,3180,5198,6941,3892,415,-284.0
4885,13897,12950,3879,2626,10324,8645,2141,59.0
5839,14276,10485,2407,6528,3957,1220,29,-359.0
6022,11127,6660,1301,5514,1146,99,0,254.0
6293,13212,8733,1851,6360,2373,492,7,-37.0
5194,14332,11830,3024,5516,6314,3300,342,-332.0
6283,13619,9189,1976,6522,2667,575,7,-123.0
5818,10675,6349,1233,5300,1049,75,0,259.0
5567,14439,11209,2707,6176,5033,2087,131,-370.0
5016,14248,12387,3341,4728,7659,4792,660,-186.0
5371,14371,11411,2804,5998,5413,2375,159,-393.0
4942,14176,12399,3358,4650,7749,4876,678,-193.0
6400,13348,8755,1841,6464,2291,420,4,-34.0
4306,7109,3884,703,3550,334,9,0,378.0
4904,13879,13007,3972,2182,10825,9515,2602,60.0
5528,14467,11252,2715,6214,5038,2039,118,-402.0
6000,14211,10231,2317,6560,3671,1091,34,-297.0
6237,11895,7298,1455,5866,1432,163,1,185.0
6342,12626,7997,1635,6184,1813,258,2,78.0
5628,14445,11117,2665,6244,4873,1957,114,-365.0
5129,14282,11872,3047,5462,6410,3358,323,-328.0
6104,11378,6871,1354,5618,1253,142,0,243.0
3556,5746,3082,549,2870,212,6,0,343.0
6072,11700,7240,1454,5756,1484,188,0,158.0
2336,3684,1932,337,1842,90,0,0,247.0
5590,14328,10991,2624,6238,4753,1852,94,-371.0
4913,13877,13024,4011,1982,11042,9913,2833,49.0
4430,7391,4076,744,3688,388,15,0,371.0
3036,4832,2555,449,2416,139,0,0,310.0
6230,12002,7429,1493,5900,1529,202,2,164.0
5290,9057,5104,949,4514,590,29,0,388.0
5069,14326,12191,3208,5134,7057,4058,483,-274.0
6221,13114,8674,1837,6326,2348,462,7,-56.0
5915,14423,10634,2456,6532,4102,1359,43,-330.0
6198,13679,9362,2039,6490,2872,699,24,-158.0
4897,14086,12577,3493,4196,8381,5694,911,-105.0
5254,14342,11661,2935,5712,5949,2918,266,-362.0
5655,14344,10884,2575,6318,4566,1708,97,-380.0
5071,14328,12213,3219,5112,7101,4104,485,-263.0
5551,14438,11210,2703,6202,5008,2034,109,-380.0
6072,13904,9753,2162,6534,3219,836,20,-241.0
3126,4973,2629,462,2486,143,1,0,320.0
4826,8173,4564,842,4076,488,21,0,375.0
6266,13900,9526,2073,6614,2912,672,14,-181.0
4977,14226,12241,3251,4976,7265,4274,519,-259.0
756,1148,581,98,574,7,0,0,91.0
4911,13880,13013,3996,2050,10963,9780,2765,48.0
1696,2632,1360,234,1316,44,0,0,190.0
6296,12072,7424,1481,5962,1462,148,0,167.0
5991,14335,10392,2365,6594,3798,1147,31,-317.0
2772,4340,2261,392,2170,91,0,0,301.0
5835,14453,10743,2494,6522,4221,1409,51,-369.0
5884,14394,10623,2456,6510,4113,1374,60,-343.0
6383,13517,8955,1897,6528,2427,461,7,-76.0
5915,10736,6339,1225,5328,1011,80,1,293.0
5023,14324,12260,3238,5092,7168,4140,489,-279.0
5099,14341,12124,3168,5240,6884,3861,431,-286.0
5725,14258,10673,2496,6370,4303,1518,67,-356.0
1928,2968,1522,260,1484,38,0,0,222.0
6335,13475,8968,1908,6488,2480,499,7,-80.0
5513,14520,11349,2748,6210,5139,2100,115,-406.0
696,1052,530,89,526,4,0,0,85.0
5964,14012,10002,2247,6522,3480,968,28,-293.0
6135,11504,6964,1373,5690,1274,124,1,222.0
4976,8512,4790,889,4246,544,20,0,365.0
6026,14121,10039,2245,6608,3431,905,20,-301.0
5656,14271,10764,2531,6342,4422,1587,78,-382.0
4925,14147,12493,3429,4412,8081,5323,829,-158.0
6196,11989,7439,1497,5896,1543,197,2,149.0
4948,14182,12489,3418,4470,8019,5242,804,-163.0
5000,14266,12245,3243,5032,7213,4202,496,-264.0
5860,14106,10246,2333,6494,3752,1118,32,-333.0
5680,14651,11288,2705,6346,4942,1959,110,-388.0
5678,10197,5981,1151,5056,925,85,0,311.0
6177,12191,7673,1561,5980,1693,231,1,98.0
6044,11344,6885,1362,5598,1287,148,0,223.0
5964,14193,10270,2338,6512,3758,1169,46,-297.0
4903,13955,12904,3816,2912,9992,8131,1919,36.0
5276,14415,11812,3000,5624,6188,3167,306,-327.0
5480,9668,5578,1057,4814,764,40,0,333.0
1192,1828,934,159,914,20,0,0,139.0
5381,14423,11461,2820,6002,5459,2419,181,-401.0
5459,14391,11223,2710,6186,5037,2019,111,-419.0
5241,14337,11636,2919,5758,5878,2821,241,-379.0
6363,13099,8506,1774,6368,2138,363,3,-4.0
6241,13417,9012,1933,6426,2586,565,9,-97.0
4925,14178,12546,3452,4380,8166,5418,863,-159.0
6201,14039,9797,2168,6586,3211,867,33,-209.0
4907,13983,12828,3737,3234,9594,7515,1643,15.0
6285,12948,8394,1746,6312,2082,324,3,-15.0
4908,13878,12986,3961,2206,10780,9466,2592,55.0
4912,13880,13025,4016,1954,11071,9972,2876,41.0
5581,14380,10993,2609,6332,4661,1716,79,-415.0
5002,8655,4921,922,4310,611,35,0,346.0
5638,14115,10584,2477,6306,4278,1503,72,-370.0
4202,6913,3768,681,3450,318,13,0,376.0
6185,13607,9296,2021,6466,2830,675,13,-147.0
6109,13658,9439,2070,6458,2981,742,11,-180.0
5335,14364,11551,2879,5828,5723,2708,221,-357.0
6331,13664,9183,1968,6558,2625,548,9,-118.0
6285,13959,9574,2085,6638,2936,683,17,-185.0
5396,9370,5338,1001,4670,668,30,0,363.0
3276,5214,2758,485,2606,152,2,0,335.0
5424,9536,5492,1040,4744,748,48,0,340.0
1552,2368,1204,204,1184,20,0,0,184.0
5003,14272,12419,3351,4732,7687,4808,673,-201.0
5895,14285,10531,2440,6422,4109,1441,71,-299.0
5101,14304,12079,3158,5210,6869,3884,455,-282.0
6209,13528,9174,1983,6450,2724,628,15,-128.0
4896,13910,12935,3862,2698,10237,8514,2080,59.0
6030,14363,10375,2355,6620,3755,1123,36,-313.0
6243,13715,9371,2039,6508,2863,699,15,-140.0
4632,7804,4338,797,3894,444,16,0,369.0
5739,14394,10874,2565,6358,4516,1678,73,-346.0
4971,14230,12431,3367,4660,7771,4910,701,-195.0
5629,14345,10970,2615,6250,4720,1845,101,-361.0
6202,12788,8322,1740,6204,2118,380,6,-4.0
6176,11723,7165,1424,5786,1379,151,2,194.0
6433,12706,8023,1640,6206,1817,294,7,110.0
5516,9616,5503,1037,4784,719,48,0,366.0
592,892,448,75,446,2,0,0,73.0
5226,8989,5080,946,4484,596,21,0,371.0
5146,14342,11888,3038,5548,6340,3246,290,-346.0
5633,14396,10983,2608,6318,4665,1760,91,-388.0
6201,12023,7469,1504,5914,1555,195,1,143.0
5036,8700,4939,924,4334,605,32,0,351.0
4897,13888,12966,3930,2352,10614,9184,2455,45.0
6201,13011,8589,1818,6270,2319,471,9,-39.0
5982,11179,6752,1329,5530,1222,119,0,226.0
6225,13641,9262,2000,6524,2738,593,9,-154.0
5479,14397,11225,2711,6184,5041,2029,103,-404.0
5993,13884,9840,2202,6468,3372,948,31,-253.0
5661,10183,5970,1147,5058,912,67,1,301.0
6329,13814,9381,2030,6582,2799,650,15,-134.0
5559,14330,11037,2645,6204,4833,1922,113,-379.0
6291,12656,8089,1667,6176,1913,304,1,57.0
5821,14196,10467,2420,6414,4053,1368,63,-328.0
5502,14370,11195,2708,6142,5053,2086,122,-381.0
6234,13421,9002,1926,6448,2554,525,8,-111.0
5584,14441,11149,2677,6236,4913,1969,118,-385.0
204,308,155,26,154,1,0,0,25.0
6253,13714,9332,2020,6544,2788,626,7,-149.0
5459,14453,11369,2771,6112,5257,2229,139,-396.0
5125,8811,4984,930,4388,596,35,1,368.0
6167,14088,9878,2191,6610,3268,868,25,-234.0
6157,13854,9600,2108,6552,3048,750,15,-205.0
5778,14223,10583,2469,6352,4231,1519,88,-331.0
6307,12421,7799,1583,6100,1699,221,3,102.0
5233,14396,11729,2947,5776,5953,2844,219,-381.0
6218,12213,7652,1550,6004,1648,205,0,107.0
5570,9843,5689,1080,4898,791,47,0,336.0
6250,13725,9330,2016,6564,2766,597,8,-161.0
4292,7088,3873,701,3540,333,8,0,376.0
6253,12983,8487,1780,6294,2193,395,5,-23.0
5855,14310,10622,2474,6400,4222,1510,69,-307.0
5074,14343,12173,3190,5206,6967,3931,440,-286.0
4885,13902,12875,3814,2866,10009,8170,1931,44.0
5453,14463,11366,2765,6142,5224,2179,129,-409.0
4016,6490,3483,621,3240,243,10,0,388.0
6320,13773,9314,2005,6598,2716,577,10,-144.0
6146,14061,9851,2182,6610,3241,841,28,-246.0
6407,13496,8939,1897,6496,2443,504,5,-47.0
5882,10691,6315,1220,5310,1005,71,0,286.0
5158,14370,12041,3121,5356,6685,3658,386,-292.0
5048,14285,12181,3214,5078,7103,4129,510,-270.0
2838,4481,2353,411,2240,113,1,0,299.0
6189,13721,9417,2053,6516,2901,689,9,-168.0
5809,14369,10667,2473,6496,4171,1377,45,-366.0
6190,13962,9686,2129,6598,3088,766,22,-215.0
6213,12533,8015,1651,6124,1891,285,1,44.0
6090,11778,7302,1468,5796,1506,186,2,146.0
5914,14092,10197,2319,6480,3717,1132,34,-300.0
6180,12022,7490,1512,5908,1582,206,0,136.0
6097,13838,9667,2139,6500,3167,838,23,-213.0
4174,6887,3760,680,3440,320,7,0,367.0
6275,12414,7820,1591,6094,1726,226,1,90.0
5299,14446,11742,2952,5772,5970,2902,241,-357.0
4928,14122,12599,3510,4138,8461,5846,1000,-105.0
6316,13627,9162,1965,6534,2628,559,10,-114.0
5962,10955,6535,1274,5426,1109,103,0,268.0
6059,14000,9856,2188,6584,3272,832,21,-273.0
4470,7425,4077,741,3708,369,9,0,381.0
6142,13904,9692,2140,6544,3148,816,18,-210.0
5973,13910,9870,2208,6492,3378,926,31,-275.0
6117,13764,9554,2102,6496,3058,772,11,-195.0
6243,13520,9125,1964,6466,2659,588,9,-116.0
5566,14427,11172,2689,6210,4962,2007,112,-378.0
668,1016,515,87,508,7,0,0,80.0
6107,13576,9309,2026,6462,2847,652,17,-186.0
584,884,446,75,442,4,0,0,71.0
6219,14184,9971,2221,6616,3355,952,33,-215.0
4898,13926,12904,3839,2774,10130,8378,2050,37.0
4886,13973,12838,3737,3254,9584,7465,1604,14.0
5050,14356,12211,3206,5186,7025,3984,466,-301.0
5331,14414,11597,2886,5878,5719,2658,197,-372.0
5654,10031,5816,1107,4990,826,51,0,332.0
6294,12129,7501,1505,5972,1529,185,0,161.0
6036,14313,10307,2334,6610,3697,1093,34,-304.0
6244,12537,7987,1640,6134,1853,269,2,54.0
5354,9493,5500,1046,4724,776,45,0,315.0
5824,14112,10350,2381,6414,3936,1284,48,-319.0
6211,12975,8518,1793,6278,2240,419,11,-39.0
6013,14267,10291,2336,6566,3725,1135,45,-299.0
820,1240,625,105,620,5,0,0,100.0
6307,13031,8490,1776,6324,2166,383,3,-10.0
5714,10161,5902,1125,5054,848,53,0,330.0
6214,12863,8379,1751,6252,2127,359,4,-21.0
4865,14004,12777,3667,3552,9225,6900,1371,-29.0
4879,14013,12769,3667,3536,9233,6941,1407,-32.0
5215,14432,11967,3067,5532,6435,3368,317,-317.0
6224,12429,7884,1613,6090,1794,249,2,66.0
5830,14220,10450,2404,6476,3974,1268,42,-344.0
5743,14412,10831,2539,6428,4403,1556,69,-377.0
5881,14400,10630,2458,6512,4118,1376,63,-347.0
6391,12102,7367,1457,5992,1375,118,1,199.0
2758,4305,2237,387,2152,85,1,0,303.0
6293,13514,9050,1934,6496,2554,522,7,-105.0
6145,13736,9462,2066,6528,2934,680,7,-195.0
5444,14433,11375,2779,6076,5299,2281,154,-393.0
6199,13828,9516,2078,6564,2952,700,17,-191.0
3122,5015,2675,474,2506,169,3,0,308.0
4971,14209,12347,3320,4774,7573,4661,619,-211.0
6206,13847,9525,2078,6582,2943,683,12,-194.0
3474,5549,2944,519,2774,170,1,0,350.0
5343,9344,5366,1015,4642,724,60,1,350.0
6318,12654,8049,1651,6192,1857,270,2,62.0
5367,14373,11462,2833,5926,5536,2521,195,-377.0
6035,13826,9728,2165,6466,3262,894,25,-228.0
5881,14199,10395,2390,6450,3945,1299,57,-313.0
5677,14296,10772,2530,6364,4408,1568,67,-377.0
6076,13755,9574,2110,6488,3086,779,18,-215.0
6023,13784,9666,2141,6486,3180,812,9,-236.0
6278,13268,8785,1861,6404,2381,460,6,-66.0
5513,14342,11130,2685,6150,4980,2042,131,-384.0
5651,14289,10827,2557,6312,4515,1665,75,-368.0
5267,14367,11738,2969,5662,6076,3043,267,-331.0
4895,14002,12816,3709,3378,9438,7246,1517,0.0
5351,14622,11841,2965,5892,5949,2838,249,-395.0
5995,14125,10097,2271,6568,3529,989,35,-304.0
6336,13656,9162,1960,6564,2598,528,8,-118.0
6223,13710,9336,2020,6552,2784,606,13,-171.0
6081,13772,9612,2126,6468,3144,836,23,-205.0
5861,14432,10683,2472,6534,4149,1364,47,-360.0
6384,12501,7828,1587,6134,1694,233,2,124.0
4422,7297,3987,722,3642,345,13,0,390.0
5786,14425,10756,2503,6494,4262,1437,64,-386.0
5974,14253,10335,2356,6534,3801,1185,40,-300.0
4308,7116,3889,704,3554,335,8,0,377.0
2400,3732,1932,333,1866,66,0,0,267.0
6296,13614,9155,1962,6538,2617,538,8,-125.0
6231,13657,9263,1998,6538,2725,581,15,-161.0
5904,14155,10241,2323,6544,3697,1067,26,-333.0
6353,13539,9036,1929,6498,2538,543,13,-79.0
5693,14097,10519,2456,6302,4217,1493,73,-341.0
6129,13972,9758,2154,6592,3166,788,15,-239.0
5923,10860,6465,1258,5382,1083,96,1,270.0
6149,13636,9317,2019,6520,2797,596,7,-189.0
4929,14113,12512,3456,4288,8224,5537,897,-128.0
6234,13739,9335,2013,6592,2743,555,8,-183.0
5347,14566,11793,2952,5874,5919,2818,229,-378.0
1544,2372,1214,207,1186,28,0,0,179.0
4510,7521,4145,756,3754,391,13,0,378.0
6302,13089,8564,1799,6334,2230,421,12,-22.0
6056,13866,9735,2161,6504,3231,858,24,-236.0
5546,14369,11122,2676,6188,4934,1993,112,-377.0
4924,14105,12639,3545,4008,8631,6089,1090,-87.0
5432,9420,5358,1003,4698,660,24,0,367.0
4885,13984,12832,3733,3266,9566,7452,1619,0.0
4994,14231,12324,3304,4824,7500,4583,604,-217.0
6315,13771,9332,2014,6580,2752,611,11,-138.0
6220,11854,7272,1450,5844,1428,166,0,188.0
6204,14010,9719,2134,6634,3085,742,12,-221.0
6308,13200,8679,1829,6384,2295,432,8,-42.0
4912,13873,13025,4025,1900,11125,10073,2934,39.0
6304,13090,8564,1798,6340,2224,410,4,-20.0
4912,13872,13041,4058,1734,11307,10404,3132,23.0
4410,7375,4077,746,3678,399,19,0,366.0
5337,14437,11581,2872,5930,5651,2577,189,-391.0
6308,12698,8108,1668,6208,1900,282,0,50.0
5704,10264,6018,1156,5100,918,64,0,302.0
6306,13836,9426,2044,6588,2838,660,14,-148.0
4956,14222,12541,3432,4490,8051,5242,780,-157.0
5382,9499,5480,1038,4732,748,35,0,325.0
4855,14008,12796,3678,3524,9272,6960,1401,-35.0
6146,13314,8962,1921,6398,2564,518,2,-127.0
4854,8375,4748,887,4174,574,27,0,340.0
6320,13549,9050,1929,6526,2524,497,10,-108.0
880,1320,660,110,660,0,0,0,110.0
5853,14167,10375,2384,6446,3929,1275,53,-323.0
5877,14229,10461,2415,6432,4029,1365,57,-306.0
3640,5908,3180,568,2952,228,4,0,344.0
5557,14382,11078,2652,6244,4834,1894,111,-399.0
5686,14441,10976,2598,6364,4612,1713,76,-377.0
4975,14258,12352,3308,4856,7496,4546,597,-239.0
5809,14480,10816,2521,6506,4310,1468,55,-376.0
5601,14419,11106,2662,6240,4866,1939,109,-374.0
5991,14330,10380,2361,6594,3786,1142,37,-320.0
5472,14252,11038,2654,6152,4886,1948,112,-396.0
5416,9500,5460,1032,4728,732,44,0,344.0
5503,14453,11346,2765,6102,5244,2249,139,-369.0
6241,13871,9530,2079,6586,2944,699,13,-179.0
5973,11367,6972,1391,5598,1374,171,1,187.0
5159,14308,11922,3074,5400,6522,3508,361,-301.0
5846,10589,6243,1205,5256,987,77,0,295.0
5678,14522,11105,2642,6358,4747,1806,82,-381.0
4895,13988,12832,3721,3338,9494,7312,1521,18.0
3304,5274,2797,493,2636,161,2,0,334.0
6206,13845,9570,2103,6522,3048,801,28,-172.0
6062,11225,6729,1316,5562,1167,101,0,250.0
5333,14451,11681,2921,5836,5845,2779,213,-358.0
5212,14302,11653,2931,5720,5933,2862,228,-368.0
5174,14346,11862,3029,5550,6312,3246,302,-339.0
4886,14086,12601,3517,4100,8501,5886,1018,-116.0
6235,13497,9110,1961,6454,2656,589,7,-113.0
4922,14172,12534,3443,4410,8124,5352,830,-159.0
4728,7972,4436,816,3976,460,20,0,376.0
6304,12437,7832,1595,6094,1738,249,2,104.0
6296,12796,8222,1699,6250,1972,296,0,23.0
6240,13680,9325,2024,6506,2819,668,12,-139.0
5252,14425,11837,3006,5638,6199,3149,298,-342.0
5721,14451,10944,2583,6390,4554,1671,69,-369.0
6350,13687,9219,1983,6540,2679,607,12,-101.0
4962,14253,12325,3287,4928,7397,4397,540,-253.0
4888,14064,12767,3638,3706,9061,6652,1276,-47.0
5892,10776,6407,1246,5338,1069,100,0,277.0
5417,14481,11381,2764,6178,5203,2125,133,-447.0
5403,14459,11473,2818,6038,5435,2383,167,-401.0
4208,6972,3820,693,3482,338,8,0,363.0
892,1356,687,116,678,9,0,0,107.0
6256,13212,8725,1842,6398,2327,416,4,-73.0
4588,7780,4351,804,3878,473,24,0,355.0
6023,14017,9942,2222,6552,3390,913,19,-274.0
6301,14082,9720,2129,6666,3054,750,15,-190.0
6052,13922,9828,2194,6492,3336,938,32,-236.0
6217,12075,7505,1511,5944,1561,187,1,136.0
6180,13838,9564,2097,6546,3018,746,16,-191.0
5577,14403,11111,2666,6226,4885,1951,113,-381.0
6162,12666,8218,1713,6158,2060,350,2,1.0
4090,6737,3676,665,3362,314,13,0,364.0
6366,13591,9076,1937,6530,2546,531,8,-86.0
5875,14232,10419,2391,6492,3927,1248,41,-329.0
4936,14176,12489,3419,4464,8025,5248,812,-170.0
6174,13776,9515,2088,6502,3013,772,22,-175.0
5654,10219,6008,1156,5080,928,59,0,287.0
5860,14201,10415,2396,6454,3961,1293,50,-322.0
6375,12553,7894,1606,6152,1742,249,3,110.0
5212,14427,11916,3040,5592,6324,3243,298,-339.0
4909,13881,13015,3998,2042,10973,9797,2777,45.0
4891,14063,12642,3552,3972,8670,6119,1083,-82.0
5263,14444,11814,2988,5700,6114,3044,273,-355.0
4952,14156,12480,3430,4380,8100,5396,880,-154.0
4907,14101,12648,3539,4062,8586,5977,1015,-85.0
4893,13961,12841,3746,3206,9635,7549,1633,27.0
6203,12635,8150,1692,6148,2002,339,3,26.0
6393,12788,8137,1671,6248,1889,292,3,71.0
5618,10085,5902,1132,5012,890,61,0,303.0
4718,7895,4364,798,3940,424,15,0,389.0
5252,9166,5246,988,4564,682,38,0,344.0
5638,10247,6050,1168,5092,958,63,0,273.0
6363,13246,8661,1815,6432,2229,382,5,-37.0
5040,14291,12117,3167,5232,6885,3827,410,-301.0
5486,14444,11358,2774,6072,5286,2300,162,-374.0
3816,6120,3260,577,3058,202,4,0,379.0
4708,7892,4367,799,3940,427,12,0,384.0
1376,2112,1080,184,1056,24,0,0,160.0
6322,13362,8850,1875,6450,2400,462,2,-65.0
6018,14139,10093,2267,6584,3509,971,24,-295.0
3878,6385,3481,629,3188,293,9,0,345.0
3578,5799,3117,556,2898,219,3,0,340.0
6231,12138,7569,1529,5964,1605,210,1,133.0
6225,12597,8074,1666,6152,1922,293,1,36.0
6216,13469,9100,1961,6434,2666,601,10,-114.0
6069,14133,10061,2259,6568,3493,997,25,-262.0
4923,14175,12456,3393,4554,7902,5067,747,-189.0
5275,14357,11703,2959,5652,6051,3053,299,-338.0
552,836,422,71,418,4,0,0,67.0
1884,2920,1507,259,1460,47,0,0,212.0
5196,14372,11894,3045,5518,6376,3336,332,-327.0
4883,13927,12821,3756,3106,9715,7715,1735,21.0
3980,6542,3558,641,3270,288,2,0,355.0
6249,13479,9068,1946,6460,2608,559,5,-108.0
2378,3763,1981,347,1880,101,3,0,249.0
128,192,96,16,96,0,0,0,16.0
1216,1844,932,157,922,10,0,0,147.0
6303,12188,7552,1517,6002,1550,184,1,150.0
5302,9101,5133,954,4542,591,17,0,380.0
6274,12193,7604,1538,5980,1624,233,0,147.0
6343,13580,9078,1938,6528,2550,524,9,-97.0
460,696,351,59,348,3,0,0,56.0
6278,12751,8194,1694,6224,1970,303,0,27.0
5638,10187,5998,1157,5054,944,79,0,292.0
568,856,430,72,428,2,0,0,70.0
5222,9189,5295,1003,4572,723,45,0,325.0
6052,14011,9925,2219,6536,3389,939,22,-253.0
6087,11318,6819,1341,5592,1227,134,1,247.0
4724,8040,4505,833,4012,493,16,0,356.0
5548,14458,11260,2725,6170,5090,2118,128,-375.0
5112,14344,11999,3093,5440,6559,3464,324,-326.0
6227,13515,9132,1968,6456,2676,603,19,-124.0
5537,14369,11111,2669,6208,4903,1953,109,-390.0
6225,12323,7775,1585,6040,1735,243,1,92.0
5514,14475,11292,2731,6198,5094,2079,116,-400.0
5449,14419,11411,2803,6004,5407,2411,169,-362.0
6069,14123,10010,2235,6610,3400,903,17,-279.0
4986,8553,4828,899,4262,566,29,0,362.0
6186,11235,6633,1281,5580,1053,75,0,303.0
2458,3849,2006,348,1924,82,1,0,267.0
4884,14024,12710,3610,3760,8950,6504,1204,-40.0
5299,14438,11591,2873,5944,5647,2550,197,-421.0
6191,13464,9095,1956,6454,2641,556,5,-134.0
4907,13872,13012,4010,1964,11048,9944,2869,37.0
4925,14108,12516,3459,4278,8238,5552,899,-126.0
3140,4994,2640,464,2496,144,2,0,322.0
4754,7997,4438,814,3992,446,13,0,381.0
6214,13767,9445,2059,6536,2909,695,12,-167.0
5955,13898,9906,2225,6462,3444,974,17,-262.0
5763,14361,10746,2511,6426,4320,1509,63,-363.0
6237,12424,7892,1620,6064,1828,296,3,85.0
4900,13909,12919,3847,2756,10163,8397,2018,63.0
5996,11036,6591,1286,5466,1125,104,0,265.0
5348,14398,11496,2838,5964,5532,2470,168,-392.0
2416,3764,1952,337,1882,70,0,0,267.0
3316,5310,2824,499,2654,170,2,0,331.0
6214,13272,8861,1890,6382,2479,508,6,-87.0
4346,7233,3976,723,3614,362,5,0,366.0
6326,12655,8048,1651,6190,1858,275,0,68.0
6306,12904,8343,1734,6282,2061,340,2,11.0
5309,14442,11634,2896,5892,5742,2658,207,-395.0
5109,14271,11852,3037,5482,6370,3307,321,-347.0
6229,12235,7684,1562,5996,1688,243,1,116.0
4530,7519,4127,750,3754,373,11,0,388.0
3746,6033,3226,573,3014,212,5,0,366.0
5048,8530,4749,873,4260,489,10,0,394.0
2776,4372,2290,399,2186,104,0,0,295.0
5958,14359,10483,2402,6554,3929,1251,44,-320.0
2000,3144,1644,286,1572,72,0,0,214.0
5765,14112,10503,2453,6288,4215,1536,71,-297.0
6226,13245,8817,1876,6378,2439,489,4,-78.0
4278,7057,3855,698,3522,333,13,0,378.0
4880,14014,12725,3630,3670,9055,6674,1288,-39.0
5813,10413,6093,1170,5166,927,81,1,323.0
5114,14334,11964,3081,5442,6522,3450,346,-337.0
5409,14376,11372,2787,6022,5350,2332,151,-382.0
5190,14348,11918,3066,5440,6478,3468,362,-306.0
5924,14132,10228,2325,6506,3722,1120,28,-305.0
6241,12868,8380,1754,6236,2144,396,7,-1.0
5693,14450,10929,2573,6420,4509,1610,75,-401.0
5538,14439,11250,2725,6150,5100,2139,140,-376.0
5774,14233,10590,2466,6384,4206,1465,60,-335.0
5695,10268,6040,1165,5090,950,88,1,302.0
6245,13243,8795,1868,6382,2413,479,5,-71.0
5361,14440,11538,2849,5982,5556,2476,159,-390.0
5035,14329,12183,3193,5208,6975,3913,435,-304.0
5513,14397,11248,2732,6104,5144,2189,145,-368.0
5751,14340,10665,2473,6492,4173,1356,53,-397.0
4908,13883,13003,3968,2198,10805,9487,2590,60.0
6294,13155,8642,1820,6364,2278,427,8,-39.0
6073,11623,7143,1425,5736,1407,151,1,168.0
5177,14371,11927,3056,5518,6409,3335,305,-323.0
6121,13920,9703,2139,6572,3131,776,19,-235.0
5924,10686,6290,1214,5296,994,94,0,314.0
5813,14203,10443,2401,6480,3963,1243,29,-348.0
5033,14320,12110,3148,5332,6778,3656,351,-325.0
6266,13455,9005,1923,6472,2533,511,8,-107.0
6398,12413,7711,1552,6110,1601,193,0,144.0
5324,9268,5299,998,4610,689,48,0,357.0
5558,14414,11163,2686,6210,4953,1994,106,-379.0
5718,14382,10867,2562,6362,4505,1658,74,-359.0
6415,13347,8721,1826,6486,2235,375,3,-37.0
5208,14358,11851,3027,5540,6311,3278,320,-326.0
2722,4317,2276,399,2158,118,1,0,282.0
6317,12488,7860,1598,6132,1728,224,3,91.0
5156,14378,12043,3117,5384,6659,3610,364,-296.0
3406,5481,2929,520,2738,191,5,0,334.0
6226,13027,8564,1804,6304,2260,419,4,-41.0
4903,13892,12996,3950,2292,10704,9308,2497,57.0
6068,14186,10157,2296,6538,3619,1110,44,-257.0
5310,14528,11660,2883,6022,5638,2484,170,-441.0
6207,13492,9135,1971,6444,2691,604,5,-121.0
6412,12834,8150,1668,6292,1858,250,0,60.0
1772,2736,1407,241,1368,39,0,0,202.0
5599,14607,11320,2721,6314,5006,1979,103,-409.0
5663,14371,10950,2600,6300,4650,1771,79,-358.0
6126,12742,8331,1746,6186,2145,370,2,-31.0
4870,13978,12803,3704,3382,9421,7214,1506,-9.0
4896,14013,12726,3633,3654,9072,6705,1290,-24.0
5878,14083,10241,2342,6430,3811,1223,60,-306.0
6192,13633,9285,2009,6516,2769,601,6,-165.0
4920,14095,12735,3614,3786,8949,6523,1242,-54.0
6077,14088,10002,2242,6552,3450,984,27,-251.0
5504,9670,5571,1056,4806,765,58,0,349.0
5110,14334,12098,3160,5236,6862,3862,446,-286.0
6301,13639,9166,1962,6560,2606,519,9,-134.0
6204,12100,7549,1525,5948,1601,204,0,128.0
6379,13347,8756,1839,6478,2278,391,3,-51.0
6289,14043,9674,2115,6658,3016,727,21,-195.0
5175,14394,11901,3032,5610,6291,3174,265,-350.0
5470,9763,5692,1089,4850,842,63,0,310.0
6226,13557,9150,1965,6510,2640,537,8,-146.0
5010,14287,12280,3264,4976,7304,4335,556,-261.0
5060,14257,12053,3150,5206,6847,3845,442,-294.0
6203,13110,8663,1830,6346,2317,418,5,-74.0
3346,5393,2884,512,2696,188,1,0,325.0
6090,14056,9935,2218,6562,3373,932,26,-249.0
6108,13893,9690,2137,6558,3132,777,14,-232.0
6216,13612,9256,2003,6494,2762,624,8,-143.0
5240,9148,5242,989,4550,692,48,0,345.0
4926,14146,12432,3387,4542,7890,5062,734,-175.0
4906,13882,13002,3982,2112,10890,9658,2706,44.0
5306,14482,11668,2901,5930,5738,2622,194,-409.0
5966,14153,10202,2314,6520,3682,1113,44,-299.0
5510,14551,11349,2740,6258,5091,2035,116,-432.0
4889,13917,12912,3848,2736,10176,8445,2081,36.0
5860,14158,10325,2361,6484,3841,1190,44,-334.0
5346,14408,11535,2857,5928,5607,2552,186,-384.0
5035,14292,12227,3234,5050,7177,4192,513,-264.0
6164,13754,9439,2052,6566,2873,622,4,-203.0
6276,13836,9462,2058,6576,2886,684,12,-156.0
5085,14339,12185,3202,5158,7027,4023,469,-271.0
1320,2032,1042,178,1016,26,0,0,152.0
6215,13450,9075,1953,6432,2643,586,9,-113.0
4883,14111,12629,3516,4162,8467,5787,951,-115.0
4970,14168,12468,3408,4488,7980,5192,758,-138.0
6135,14158,10021,2242,6590,3431,978,33,-244.0
6088,11500,7008,1390,5676,1332,148,0,206.0
5338,14376,11523,2862,5874,5649,2628,218,-377.0
5906,14289,10414,2378,6560,3854,1169,40,-347.0
5853,14138,10306,2354,6488,3818,1162,31,-333.0
4910,13867,13024,4029,1874,11150,10119,2960,38.0
5172,14370,11875,3027,5588,6287,3194,284,-350.0
6180,13516,9175,1982,6458,2717,600,8,-143.0
6230,13109,8664,1834,6324,2340,461,4,-49.0
6359,13707,9202,1970,6584,2618,539,7,-116.0
6140,14097,9909,2201,6612,3297,873,26,-249.0
6098,13876,9665,2128,6562,3103,752,18,-241.0
5808,14360,10649,2466,6502,4147,1356,44,-369.0
6131,13476,9190,1993,6422,2768,632,5,-148.0
5215,14422,11832,2993,5706,6126,3010,245,-368.0
6143,12028,7536,1529,5898,1638,232,1,122.0
4968,14263,12441,3360,4722,7719,4819,674,-214.0
6320,13431,8895,1880,6510,2385,411,2,-96.0
5100,8868,5063,952,4414,649,40,0,343.0
4948,14179,12455,3398,4522,7933,5135,774,-174.0
6083,13946,9766,2159,6578,3188,790,17,-256.0
4894,13898,12925,3870,2630,10295,8638,2162,51.0
5827,14366,10645,2467,6488,4157,1390,61,-361.0
5916,10686,6288,1212,5304,984,78,0,306.0
5946,10721,6310,1218,5312,998,97,0,317.0
6030,14162,10101,2266,6606,3495,950,18,-297.0
6070,11611,7144,1428,5720,1424,171,0,175.0
6152,13234,8875,1900,6350,2525,534,16,-107.0
6316,13499,8997,1914,6510,2487,479,6,-100.0
6298,12615,8019,1643,6180,1839,255,0,59.0
5526,9585,5459,1024,4774,685,37,0,376.0
6167,13264,8883,1897,6384,2499,496,5,-111.0
1024,1576,808,138,788,20,0,0,118.0
6106,14058,9911,2207,6580,3331,898,22,-248.0
6343,14164,9776,2144,6688,3088,788,33,-189.0
4464,7472,4130,755,3730,400,12,0,367.0
4921,14185,12461,3385,4612,7849,4961,685,-188.0
6355,13539,9032,1927,6502,2530,535,11,-79.0
5153,14320,11950,3083,5402,6548,3516,351,-300.0
3264,5250,2803,497,2624,179,2,0,320.0
6123,13824,9602,2112,6532,3070,760,13,-211.0
5043,14334,12176,3187,5230,6946,3874,417,-302.0
6237,13453,9044,1940,6448,2596,557,13,-112.0
6268,12714,8168,1689,6202,1966,310,0,33.0
6174,13527,9179,1981,6472,2707,583,12,-155.0
4995,14280,12288,3266,4980,7308,4320,541,-263.0
5848,14216,10443,2404,6462,3981,1292,44,-329.0
5710,10337,6095,1177,5128,967,81,0,291.0
4903,13869,13002,3978,2136,10866,9597,2651,58.0
5799,14198,10458,2411,6450,4008,1298,53,-352.0
2878,4607,2450,433,2302,148,3,0,288.0
5170,8891,5023,935,4436,587,19,0,367.0
5074,14340,12263,3250,5026,7237,4288,554,-253.0
5547,14249,10871,2576,6286,4585,1677,75,-407.0
6134,13765,9541,2098,6494,3047,777,16,-188.0
6337,13175,8597,1797,6412,2185,351,1,-38.0
5980,10648,6195,1183,5292,903,64,0,344.0
5942,14119,10172,2303,6526,3646,1067,32,-308.0
5391,14427,11505,2843,5952,5553,2523,187,-374.0
1964,3060,1587,274,1530,57,0,0,217.0
5823,14216,10531,2448,6374,4157,1468,69,-310.0
5276,14463,11866,3014,5648,6218,3167,298,-335.0
3824,6210,3343,597,3104,239,2,0,360.0
40,60,30,5,30,0,0,0,5.0
6325,13101,8554,1793,6350,2204,401,5,-15.0
5306,14362,11514,2856,5892,5622,2578,210,-398.0
4396,7298,4004,727,3646,358,6,0,375.0
5230,9049,5141,962,4510,631,29,0,360.0
5134,14308,11955,3091,5364,6591,3580,390,-310.0
5113,14284,11962,3093,5366,6596,3552,351,-302.0
4886,14029,12733,3635,3656,9077,6717,1320,-45.0
6140,11510,6968,1374,5692,1276,126,0,224.0
5210,9047,5159,969,4504,655,39,0,353.0
5147,14375,11979,3083,5460,6519,3455,351,-332.0
6057,13895,9781,2177,6500,3281,895,25,-234.0
6355,12602,7962,1625,6174,1788,254,1,90.0
6286,12437,7853,1603,6088,1765,261,0,99.0
5512,14485,11358,2764,6132,5226,2221,138,-379.0
5442,14357,11367,2798,5946,5421,2465,188,-346.0
6140,13907,9695,2141,6544,3151,819,22,-213.0
5760,10444,6160,1189,5186,974,72,0,287.0
6271,12872,8376,1755,6222,2154,428,9,20.0
5110,14327,11975,3086,5434,6541,3459,332,-328.0
5822,14375,10729,2509,6404,4325,1567,84,-333.0
6209,12951,8464,1771,6302,2162,347,5,-49.0
4234,6927,3755,675,3460,295,7,0,387.0
4875,14060,12746,3618,3784,8962,6492,1205,-57.0
6103,13940,9759,2160,6558,3201,824,21,-238.0
6174,11795,7248,1447,5814,1434,167,0,180.0
4872,13992,12797,3690,3454,9343,7084,1444,-13.0
6199,14056,9831,2179,6588,3243,880,21,-205.0
6082,11493,7006,1390,5672,1334,149,0,205.0
6293,13126,8603,1807,6364,2239,398,3,-37.0
6103,13955,9774,2164,6564,3210,827,23,-242.0
6150,11999,7484,1511,5902,1582,195,0,124.0
5579,14383,11030,2631,6274,4756,1835,115,-405.0
6082,11497,7011,1392,5670,1341,157,4,204.0
3490,5561,2944,518,2780,164,1,0,355.0
6177,13648,9345,2034,6486,2859,676,11,-160.0
6275,13675,9250,1992,6548,2702,579,11,-142.0
3442,5557,2976,529,2778,198,1,0,332.0
4856,8326,4693,872,4154,539,18,0,351.0
4897,13928,12947,3872,2662,10285,8604,2147,44.0
4910,14173,12525,3430,4470,8055,5233,776,-168.0
6362,13367,8815,1862,6458,2357,451,8,-52.0
2638,4177,2199,385,2088,111,1,0,275.0
5364,14405,11587,2892,5822,5765,2761,234,-346.0
5588,10006,5840,1117,4978,862,50,0,305.0
5861,14244,10464,2409,6474,3990,1296,43,-328.0
6260,12891,8384,1752,6256,2128,379,2,1.0
6395,13598,9037,1919,6560,2477,478,5,-85.0
6365,12714,8081,1658,6214,1867,286,3,74.0
5546,14352,10983,2607,6324,4659,1704,82,-430.0
6292,13451,8989,1919,6464,2525,523,6,-89.0
5662,10205,5997,1155,5064,933,77,0,299.0
6016,13852,9771,2177,6480,3291,892,20,-242.0
3706,5967,3189,566,2982,207,3,0,362.0
5159,14385,11912,3042,5572,6340,3241,299,-356.0
5855,10952,6624,1306,5412,1212,128,1,221.0
5317,14402,11623,2904,5822,5801,2758,227,-366.0
4973,14236,12493,3396,4610,7883,5016,695,-166.0
5353,14519,11553,2832,6114,5439,2291,129,-445.0
4953,14130,12452,3416,4408,8044,5314,827,-141.0
5845,14319,10555,2434,6506,4049,1307,45,-353.0
6350,13715,9211,1971,6596,2615,523,4,-125.0
5751,14419,10876,2564,6368,4508,1683,95,-356.0
3488,5610,2995,531,2804,191,2,0,342.0
4909,14199,12484,3395,4598,7886,5003,713,-201.0
6231,13514,9101,1952,6490,2611,534,9,-134.0
5230,14470,11855,2995,5740,6115,2990,250,-380.0
5876,14100,10254,2341,6462,3792,1176,36,-311.0
6058,13951,9867,2207,6492,3375,967,32,-233.0
5551,14339,11048,2645,6226,4822,1887,95,-385.0
6328,14086,9679,2111,6692,2987,702,16,-190.0
5544,14221,10880,2590,6220,4660,1781,98,-387.0
4890,14086,12559,3484,4214,8345,5658,918,-121.0
4460,7404,4063,738,3698,365,8,0,381.0
6058,13972,9865,2200,6530,3335,912,26,-249.0
5701,14420,10869,2551,6432,4437,1556,71,-401.0
5405,14423,11397,2785,6084,5313,2255,133,-406.0
6264,13354,8909,1900,6418,2491,518,8,-81.0
6162,12841,8415,1768,6222,2193,397,4,-32.0
16,24,12,2,12,0,0,0,2.0
6316,12243,7620,1539,6006,1614,231,2,154.0
5187,14508,11977,3042,5702,6275,3104,257,-386.0
4901,13918,12927,3865,2664,10263,8590,2147,45.0
2972,4718,2490,437,2358,132,2,0,307.0
6020,13964,9895,2213,6512,3383,940,32,-262.0
6004,14117,10129,2289,6524,3605,1069,26,-273.0
6418,12657,7966,1621,6206,1760,245,0,106.0
1660,2576,1331,229,1288,43,0,0,186.0
6089,13872,9673,2131,6560,3113,752,11,-241.0
5583,14291,10928,2600,6256,4672,1779,87,-380.0
6175,13748,9483,2079,6492,2991,764,21,-169.0
4962,14255,12294,3273,4950,7344,4355,556,-272.0
6217,13451,9056,1943,6454,2602,543,5,-121.0
6258,13782,9394,2035,6578,2816,626,10,-165.0
6232,12190,7609,1536,6002,1607,186,0,115.0
6170,13407,9080,1961,6394,2686,619,12,-118.0
4911,13873,13024,4022,1916,11108,10041,2915,40.0
5402,14471,11531,2848,5974,5557,2523,200,-386.0
6242,13334,8886,1890,6432,2454,470,2,-96.0
5479,14390,11294,2754,6064,5230,2262,157,-371.0
5981,14215,10280,2340,6520,3760,1175,49,-294.0
4877,14003,12786,3677,3510,9276,6983,1401,-17.0
5321,14411,11651,2917,5800,5851,2811,233,-356.0
4912,13877,13005,3990,2070,10935,9737,2742,50.0
4910,13872,13001,3990,2062,10939,9748,2750,49.0
5437,14359,11313,2768,6018,5295,2323,173,-377.0
5289,14401,11642,2911,5818,5824,2765,233,-381.0
6374,13073,8476,1767,6350,2126,373,4,10.0
6273,11855,7233,1437,5844,1389,167,1,214.0
4912,13874,13038,4052,1764,11274,10346,3100,24.0
6006,14167,10171,2297,6560,3611,1047,20,-287.0
4782,8111,4536,838,4044,492,23,0,369.0
4905,14079,12575,3506,4114,8461,5851,1001,-105.0
5429,14363,11246,2727,6130,5116,2103,129,-415.0
6132,13999,9788,2162,6604,3184,791,10,-241.0
5310,14388,11667,2932,5742,5925,2904,254,-343.0
5937,14128,10187,2308,6526,3661,1076,35,-312.0
4472,7492,4148,760,3736,412,20,0,368.0
6228,11798,7226,1442,5800,1426,198,0,214.0
5969,14044,10126,2303,6434,3692,1176,39,-252.0
5829,14315,10577,2445,6484,4093,1347,53,-354.0
5971,14190,10253,2330,6526,3727,1138,37,-296.0
6174,13363,9008,1936,6400,2608,563,8,-117.0
5712,10200,5944,1136,5072,872,56,0,320.0
5421,14370,11320,2763,6062,5258,2246,143,-392.0
1672,2584,1330,228,1292,38,0,0,190.0
6258,12285,7708,1565,6026,1682,233,0,116.0
5954,11015,6597,1289,5460,1137,95,0,247.0
6269,12414,7847,1604,6070,1777,274,3,98.0
6398,12747,8078,1652,6244,1834,259,0,77.0
4438,7397,4073,742,3694,379,9,0,372.0
5594,14414,11087,2651,6268,4819,1878,94,-384.0
5716,10184,5925,1131,5064,861,56,0,326.0
5183,14358,11827,3007,5612,6215,3134,281,-355.0
6286,12781,8231,1707,6220,2011,341,8,29.0
4258,7019,3829,692,3506,323,7,0,376.0
5078,14310,12150,3197,5118,7032,4074,518,-279.0
5012,8486,4736,873,4234,502,18,0,389.0
4959,14214,12482,3408,4516,7966,5182,805,-181.0
2528,3968,2072,360,1984,88,0,0,272.0
968,1464,738,124,732,6,0,0,118.0
1840,2848,1468,252,1424,44,0,0,208.0
4904,13910,12947,3890,2554,10393,8802,2248,51.0
1722,2669,1378,237,1334,44,1,0,194.0
6281,12683,8121,1675,6192,1929,299,1,44.0
4530,7563,4175,763,3772,403,19,0,379.0
3762,6081,3260,580,3040,220,1,0,361.0
5466,14345,11148,2684,6192,4956,1961,104,-415.0
4034,6641,3618,653,3318,300,5,0,358.0
1740,2680,1375,235,1340,35,0,0,200.0
5488,9720,5638,1075,4826,812,68,0,331.0
6103,13970,9804,2176,6552,3252,866,29,-239.0
5522,9683,5561,1050,4822,739,39,0,350.0
6262,12601,8050,1658,6152,1898,297,4,53.0
5172,14316,11898,3058,5448,6450,3420,332,-304.0
6408,13257,8633,1804,6442,2191,373,6,-20.0
6154,11559,7005,1382,5718,1287,123,0,218.0
6107,14138,9970,2216,6644,3326,850,17,-277.0
4996,14287,12349,3298,4910,7439,4467,566,-240.0
5470,9835,5760,1105,4890,870,55,0,290.0
5702,14391,10854,2553,6390,4464,1611,88,-388.0
5033,14265,12216,3238,5004,7212,4257,537,-254.0
5580,14398,11111,2668,6214,4897,1970,116,-375.0
5396,9592,5575,1064,4766,809,60,0,315.0
5796,14229,10498,2423,6458,4040,1313,54,-358.0
4898,13901,12906,3850,2712,10194,8477,2080,53.0
5410,9561,5530,1051,4754,776,53,0,328.0
1464,2252,1154,197,1126,28,0,0,169.0
5496,9968,5884,1137,4946,938,76,0,275.0
5572,9890,5738,1093,4918,820,54,0,327.0
5928,14177,10283,2344,6502,3781,1173,46,-310.0
4895,13959,12838,3747,3194,9644,7571,1647,27.0
356,536,269,45,268,1,0,0,44.0
6151,13990,9803,2177,6544,3259,902,33,-213.0
5975,14155,10193,2308,6538,3655,1079,27,-295.0
6040,13902,9809,2188,6490,3319,922,32,-241.0
6239,13843,9516,2079,6558,2958,727,15,-167.0
4892,13881,12923,3890,2506,10417,8869,2298,44.0
4957,14168,12331,3323,4724,7607,4720,639,-203.0
6268,12493,7927,1624,6110,1817,273,2,78.0
6326,12863,8270,1710,6280,1990,303,0,23.0
5616,9904,5716,1084,4928,788,48,0,344.0
6084,11242,6730,1315,5570,1160,102,0,257.0
5025,14249,12247,3261,4928,7319,4393,573,-238.0
5894,10687,6304,1217,5306,998,75,0,294.0
5805,14018,10265,2360,6370,3895,1278,51,-308.0
4286,7101,3891,706,3546,345,9,0,370.0
5145,14349,11878,3032,5564,6314,3221,297,-358.0
5922,14219,10324,2352,6536,3788,1147,36,-325.0
5984,14134,10162,2300,6524,3638,1086,36,-288.0
6180,14024,9766,2152,6620,3146,784,20,-230.0
2528,3976,2080,362,1988,92,0,0,270.0
4886,8263,4608,849,4122,486,19,0,382.0
6232,13431,9039,1942,6426,2613,579,10,-102.0
2128,3304,1708,294,1652,56,0,0,238.0
5944,14172,10243,2327,6524,3719,1124,44,-312.0
6353,13574,9059,1931,6532,2527,510,7,-93.0
6412,12944,8282,1707,6322,1960,300,4,43.0
2446,3841,2007,349,1920,87,1,0,263.0
6206,13920,9649,2122,6566,3083,788,14,-187.0
6167,13880,9655,2131,6524,3131,832,21,-189.0
5197,14361,11738,2957,5734,6004,2893,229,-383.0
5946,14429,10557,2421,6588,3969,1253,52,-347.0
6275,13229,8725,1840,6410,2315,409,3,-69.0
6219,11896,7315,1461,5864,1451,168,1,177.0
4907,14017,12729,3637,3636,9093,6745,1307,-18.0
6062,13934,9795,2174,6546,3249,842,18,-251.0
6179,13968,9728,2147,6574,3154,820,21,-208.0
5862,14263,10488,2419,6462,4026,1339,64,-332.0
5260,14381,11721,2956,5706,6015,2969,266,-356.0
6078,13347,9092,1970,6364,2728,619,8,-147.0
3582,5787,3102,552,2892,210,3,0,345.0
6249,12848,8354,1747,6226,2128,396,7,8.0
4278,6943,3736,667,3470,266,3,0,404.0
6223,12258,7703,1565,6016,1687,226,1,103.0
4216,6944,3786,684,3468,318,8,0,374.0
6077,11593,7113,1418,5718,1395,157,1,179.0
1460,2236,1141,194,1118,23,0,0,171.0
5126,14345,12090,3151,5274,6816,3797,412,-280.0
6132,13869,9654,2128,6540,3114,789,14,-211.0
6296,12960,8408,1751,6310,2098,340,0,-7.0
5645,14419,11033,2630,6286,4747,1847,101,-371.0
6058,13804,9651,2134,6498,3153,808,18,-229.0
4932,14151,12542,3462,4312,8230,5527,898,-139.0
5446,9487,5424,1021,4722,702,43,0,362.0
6346,12658,8038,1648,6188,1850,282,2,78.0
5343,14403,11550,2869,5886,5664,2631,215,-379.0
5814,14179,10457,2418,6406,4051,1367,60,-326.0
5618,14272,10842,2567,6282,4560,1708,94,-379.0
6285,12658,8089,1666,6182,1907,294,3,50.0
5876,10726,6362,1234,5320,1042,86,0,278.0
6366,13364,8800,1855,6470,2330,424,2,-53.0
4913,13879,13008,4006,1980,11028,9919,2861,36.0
5554,14462,11185,2684,6266,4919,1930,102,-407.0
6219,13317,8917,1907,6392,2525,533,3,-88.0
5638,14494,11113,2650,6326,4787,1842,98,-393.0
6253,13488,9047,1934,6490,2557,508,7,-122.0
5342,14465,11708,2936,5800,5908,2865,244,-351.0
6208,13277,8869,1892,6386,2483,505,6,-92.0
