N0,N1,N2,Volume,Enclosing_surface,Contact_surface,TETRAVOXEL,OCTOVOXEL,MISC_Async
6307,13837,9439,2050,6578,2861,681,11,-141.0
4880,13943,12932,3830,2884,10048,8175,1918,39.0
4302,7157,3933,715,3576,357,5,0,363.0
6278,13736,9309,2007,6576,2733,584,14,-156.0
6348,13645,9136,1951,6566,2570,513,6,-112.0
5022,8435,4676,857,4210,466,15,0,406.0
5803,14380,10742,2511,6418,4324,1544,77,-346.0
5447,14385,11325,2766,6054,5271,2277,151,-379.0
5960,13877,9827,2191,6508,3319,861,14,-281.0
5944,14176,10260,2334,6516,3744,1144,40,-306.0
5143,14422,12045,3106,5454,6591,3514,369,-340.0
4987,14214,12329,3316,4762,7567,4690,653,-214.0
3316,5294,2808,495,2646,162,2,0,335.0
5381,14356,11333,2767,6064,5269,2228,135,-409.0
5911,14242,10414,2391,6482,3932,1278,45,-308.0
6230,13046,8582,1809,6310,2272,426,6,-43.0
6080,11729,7246,1451,5786,1460,157,2,146.0
6272,13965,9604,2096,6632,2972,701,10,-185.0
6013,13998,9975,2243,6492,3483,1014,27,-253.0
5085,14337,12077,3140,5314,6763,3709,401,-315.0
5419,14426,11454,2822,5976,5478,2474,193,-375.0
4058,6645,3606,649,3318,288,9,0,370.0
6144,11802,7271,1453,5824,1447,154,0,160.0
6042,14006,9931,2223,6524,3407,958,30,-256.0
5094,8789,4981,930,4382,599,25,0,356.0
5206,14363,11846,3020,5572,6274,3219,296,-331.0
6160,13285,8935,1917,6368,2567,549,6,-107.0
6028,14060,9995,2238,6562,3433,936,16,-275.0
5980,14022,10028,2259,6502,3526,1018,24,-273.0
5972,14245,10265,2322,6598,3667,1049,34,-330.0
6116,11250,6716,1310,5572,1144,106,0,272.0
5344,9318,5325,1001,4644,681,30,0,350.0
4660,7908,4419,815,3948,471,12,0,356.0
6275,13069,8562,1799,6330,2232,409,7,-31.0
6144,13940,9728,2150,6556,3172,828,24,-218.0
4889,14032,12658,3572,3884,8774,6264,1119,-57.0
6277,12971,8450,1767,6298,2152,375,1,-11.0
6320,12762,8190,1695,6210,1980,342,4,53.0
5302,9159,5198,972,4564,634,31,0,369.0
5738,14253,10662,2495,6354,4308,1545,80,-348.0
6209,13906,9619,2112,6566,3053,774,23,-190.0
6250,12600,8059,1661,6152,1907,296,2,48.0
5636,9940,5737,1088,4946,791,48,0,345.0
4882,13934,12932,3846,2788,10144,8358,2026,34.0
5550,9799,5668,1078,4868,800,63,0,341.0
1656,2540,1298,221,1270,28,0,0,193.0
6302,14034,9653,2108,6658,2995,718,18,-187.0
6279,13130,8608,1807,6374,2234,382,5,-50.0
2920,4610,2421,423,2304,117,2,0,308.0
5464,14387,11247,2726,6138,5109,2111,130,-402.0
5067,14380,12139,3157,5336,6803,3708,393,-331.0
6267,13090,8593,1808,6338,2255,414,5,-38.0
5924,10882,6488,1264,5392,1096,98,0,266.0
4924,8340,4661,861,4156,505,28,0,384.0
6145,12095,7597,1543,5936,1661,223,1,104.0
6318,13279,8727,1834,6450,2277,379,4,-68.0
6035,14268,10308,2346,6540,3768,1188,37,-271.0
5971,14354,10457,2391,6568,3889,1218,37,-317.0
5436,9530,5474,1034,4744,730,42,0,346.0
6356,13341,8792,1856,6448,2344,445,6,-49.0
5253,14421,11796,2982,5700,6096,3021,261,-354.0
5964,14138,10165,2298,6542,3623,1054,36,-307.0
5698,14316,10720,2501,6434,4286,1448,62,-399.0
6168,12988,8578,1814,6272,2306,444,8,-56.0
6094,11321,6807,1335,5604,1203,113,0,245.0
4897,13895,12969,3918,2430,10539,9035,2361,53.0
4913,14137,12598,3494,4232,8366,5673,921,-120.0
3332,5370,2872,510,2684,188,2,0,324.0
5290,9235,5287,996,4598,689,39,0,346.0
5556,14471,11227,2706,6218,5009,2035,126,-394.0
6375,12630,7971,1625,6192,1779,246,1,91.0
6213,13416,9019,1933,6440,2579,536,7,-117.0
6202,12279,7741,1576,6026,1715,227,0,88.0
2512,3930,2047,355,1964,83,2,0,274.0
5944,14449,10645,2460,6530,4115,1389,54,-320.0
6414,13429,8829,1860,6498,2331,433,8,-46.0
340,512,257,43,256,1,0,0,42.0
5637,14404,10980,2605,6330,4650,1744,91,-392.0
5898,14442,10674,2470,6528,4146,1386,50,-340.0
4893,13943,12851,3786,2986,9865,7971,1877,15.0
5817,14277,10564,2446,6452,4112,1373,49,-342.0
6077,13981,9864,2200,6528,3336,925,29,-240.0
2260,3508,1813,312,1754,59,0,0,253.0
5554,9857,5716,1088,4904,812,49,0,325.0
4896,13898,12954,3897,2526,10428,8846,2260,55.0
5459,14355,11257,2740,6074,5183,2207,143,-379.0
5274,9119,5177,968,4546,631,27,0,364.0
6203,12004,7449,1499,5904,1545,196,1,149.0
5920,10930,6545,1280,5410,1135,110,0,255.0
6155,13815,9515,2075,6580,2935,655,15,-220.0
5575,14342,11059,2660,6158,4901,2026,153,-368.0
4905,14075,12662,3571,3898,8764,6279,1165,-79.0
4904,14032,12763,3655,3596,9167,6840,1348,-20.0
4918,14118,12605,3510,4150,8455,5818,978,-105.0
5546,14554,11329,2734,6254,5075,2046,118,-413.0
6180,11900,7363,1479,5852,1511,196,0,164.0
2824,4472,2354,412,2236,118,0,0,294.0
4062,6591,3546,633,3294,252,3,0,384.0
6269,12892,8381,1752,6250,2131,392,7,6.0
5622,14251,10777,2537,6332,4445,1587,68,-389.0
5560,10110,5981,1158,5014,967,82,0,273.0
5515,9820,5713,1091,4880,833,60,1,317.0
6078,13949,9832,2192,6512,3320,925,28,-231.0
4895,13895,12977,3926,2398,10579,9099,2395,51.0
5782,10611,6326,1233,5254,1072,103,0,264.0
5413,14364,11374,2794,5984,5390,2396,171,-371.0
5079,14317,12057,3135,5304,6753,3709,407,-316.0
5784,14483,10898,2562,6424,4474,1635,86,-363.0
5882,14226,10389,2378,6510,3879,1206,38,-333.0
5509,14452,11326,2757,6110,5216,2232,147,-374.0
56,84,42,7,42,0,0,0,7.0
5982,13899,9883,2218,6458,3425,983,28,-252.0
6154,13693,9419,2057,6496,2923,701,12,-177.0
1048,1592,806,136,796,10,0,0,126.0
6157,12766,8315,1736,6214,2101,338,3,-30.0
6227,12019,7442,1495,5914,1528,191,3,155.0
5430,14411,11445,2820,5970,5475,2471,172,-356.0
6187,14229,10024,2230,6668,3356,893,15,-248.0
5922,10945,6560,1284,5416,1144,113,0,253.0
4875,13983,12834,3717,3366,9468,7251,1491,9.0
5901,14230,10385,2379,6496,3889,1238,51,-323.0
1368,2084,1058,179,1042,16,0,0,163.0
6189,12864,8430,1773,6222,2208,420,3,-18.0
6280,13570,9130,1958,6512,2618,546,4,-118.0
5384,14464,11561,2862,5950,5611,2564,196,-381.0
6324,14001,9599,2092,6646,2953,709,18,-170.0
5862,10435,6074,1161,5182,892,71,0,340.0
964,1472,749,127,736,13,0,0,114.0
6221,12447,7928,1630,6076,1852,295,1,72.0
5568,9924,5780,1105,4930,850,64,0,319.0
5994,11830,7454,1519,5794,1660,242,2,99.0
4890,13982,12814,3715,3338,9476,7306,1538,7.0
6281,12793,8256,1715,6222,2034,349,1,29.0
6154,13749,9479,2073,6520,2959,709,12,-189.0
5686,10025,5789,1099,4984,805,57,0,351.0
6296,13632,9197,1978,6526,2671,580,4,-117.0
6204,11884,7311,1460,5862,1449,160,0,171.0
5672,10226,6003,1154,5082,921,62,0,295.0
3172,5080,2703,478,2538,165,4,0,317.0
4911,14089,12663,3554,4002,8661,6085,1047,-69.0
5895,14266,10435,2394,6506,3929,1254,49,-330.0
5810,14111,10332,2370,6444,3888,1223,44,-339.0
4222,6819,3654,650,3408,246,3,0,407.0
5130,14250,11919,3088,5310,6609,3630,398,-289.0
1896,2928,1506,258,1464,42,0,0,216.0
5816,10544,6220,1201,5234,986,76,0,291.0
6011,14081,10020,2244,6576,3444,929,23,-294.0
6153,14108,9903,2196,6630,3273,848,19,-248.0
6061,13755,9593,2118,6478,3115,799,21,-219.0
6272,13471,9066,1950,6432,2634,607,6,-83.0
5882,14088,10261,2351,6416,3845,1256,58,-296.0
4664,7776,4286,782,3880,406,16,0,392.0
5999,14274,10348,2360,6536,3812,1202,37,-287.0
5804,14362,10719,2504,6414,4305,1534,76,-343.0
2148,3340,1729,298,1670,59,0,0,239.0
3338,5349,2846,503,2674,172,1,0,332.0
6304,13298,8804,1866,6412,2392,474,4,-56.0
3928,6420,3476,624,3208,268,4,0,360.0
6236,13205,8752,1855,6374,2378,457,6,-72.0
6125,13916,9700,2139,6566,3134,784,19,-230.0
6348,13758,9308,2010,6556,2752,646,16,-112.0
6149,12117,7632,1556,5928,1704,261,5,108.0
5366,9343,5340,1005,4650,690,43,0,358.0
2264,3524,1826,315,1762,64,0,0,251.0
6313,12828,8255,1710,6250,2005,328,3,30.0
6228,11988,7409,1486,5902,1507,184,0,163.0
5079,14340,12237,3238,5046,7191,4248,557,-262.0
6246,13077,8601,1813,6324,2277,429,8,-43.0
5013,14273,12338,3307,4834,7504,4605,637,-229.0
5934,14133,10221,2323,6504,3717,1125,32,-301.0
6255,13214,8742,1850,6384,2358,446,5,-67.0
5982,13972,9963,2240,6486,3477,1000,30,-267.0
6424,12964,8297,1711,6328,1969,308,4,46.0
5240,9192,5282,998,4576,706,40,0,332.0
6095,13735,9540,2101,6474,3066,787,23,-201.0
5972,14063,10097,2283,6496,3601,1071,30,-277.0
6169,14226,10026,2230,6672,3354,882,19,-261.0
5278,14420,11694,2932,5796,5898,2828,242,-380.0
4887,14052,12697,3591,3848,8849,6356,1157,-59.0
6406,12952,8312,1719,6310,2002,332,2,47.0
5545,14438,11132,2661,6298,4834,1842,91,-422.0
6046,14168,10151,2294,6538,3613,1092,38,-265.0
6266,13994,9663,2118,6618,3045,758,14,-183.0
4262,6999,3804,685,3498,306,3,0,382.0
6266,12304,7733,1574,6022,1711,260,2,121.0
6313,13145,8635,1822,6338,2297,469,13,-19.0
5255,14422,11792,2981,5698,6094,3026,269,-356.0
4965,14189,12451,3395,4532,7919,5125,769,-168.0
5263,14402,11627,2895,5884,5743,2634,193,-407.0
5675,14555,11103,2631,6420,4683,1715,71,-408.0
6301,12757,8167,1682,6242,1925,273,1,29.0
6254,12408,7834,1597,6086,1748,236,2,83.0
4941,14219,12398,3341,4750,7648,4719,633,-221.0
6365,13167,8575,1792,6398,2177,371,5,-19.0
5848,10802,6463,1262,5354,1109,94,0,247.0
6176,13581,9253,2005,6476,2777,629,14,-157.0
6062,14091,9977,2227,6592,3385,907,28,-279.0
6177,13412,9067,1954,6410,2657,592,11,-122.0
4905,13887,13002,3979,2130,10872,9627,2693,41.0
3984,6490,3505,628,3242,263,6,0,371.0
4886,13901,12941,3875,2632,10309,8637,2152,51.0
5279,14305,11473,2841,5900,5573,2505,167,-394.0
4904,13894,13001,3950,2302,10699,9290,2480,61.0
5586,14416,11119,2667,6236,4883,1944,106,-378.0
6216,13050,8596,1813,6314,2282,422,4,-51.0
6109,13671,9433,2064,6482,2951,707,13,-193.0
6244,13474,9063,1945,6456,2607,562,12,-112.0
5032,14238,12148,3204,5072,7076,4094,484,-262.0
1512,2316,1182,201,1158,24,0,0,177.0
6205,13560,9217,1995,6464,2753,632,7,-133.0
5874,10801,6440,1254,5356,1084,89,0,259.0
5548,9876,5741,1095,4912,829,52,0,318.0
4884,14015,12734,3630,3688,9046,6639,1250,-27.0
6076,14130,10030,2245,6590,3440,950,24,-269.0
6016,11378,6931,1373,5624,1307,130,0,196.0
5422,14425,11412,2799,6030,5382,2365,172,-390.0
4860,8204,4563,838,4098,465,8,0,381.0
6197,11867,7301,1459,5848,1453,171,5,172.0
4890,8361,4704,873,4170,534,21,0,360.0
3240,5192,2764,489,2594,170,4,0,323.0
5230,9027,5122,958,4496,626,35,0,367.0
6225,11857,7274,1451,5842,1432,173,1,191.0
2932,4666,2468,434,2332,136,2,0,300.0
6214,13721,9361,2028,6554,2807,613,8,-174.0
6294,13826,9399,2031,6612,2787,602,10,-164.0
6215,11864,7282,1452,5852,1430,160,1,181.0
3388,5520,2983,535,2756,227,8,0,316.0
6184,13554,9193,1982,6494,2699,566,8,-159.0
4901,13928,12964,3881,2642,10322,8644,2147,56.0
5557,14442,11172,2685,6234,4938,1974,119,-398.0
6394,12336,7643,1537,6064,1579,208,2,164.0
4913,13872,13052,4085,1594,11458,10684,3303,8.0
5638,14445,11082,2647,6282,4800,1881,100,-372.0
5926,14322,10448,2388,6568,3880,1186,30,-336.0
6205,13137,8734,1859,6314,2420,509,5,-57.0
2686,4261,2247,394,2130,117,1,0,278.0
6111,14021,9866,2194,6568,3298,885,19,-238.0
4977,14216,12196,3228,5024,7172,4168,495,-271.0
6110,13637,9388,2050,6476,2912,685,12,-189.0
1668,2564,1313,224,1282,31,0,0,193.0
5612,9878,5696,1080,4912,784,54,0,350.0
6287,13745,9328,2015,6566,2762,613,11,-145.0
5816,10768,6454,1262,5336,1118,96,0,240.0
6129,13403,9111,1972,6390,2721,623,9,-135.0
6173,13198,8826,1886,6336,2490,526,7,-85.0
4702,7905,4385,804,3946,439,13,0,378.0
5507,14463,11270,2721,6214,5056,2035,107,-407.0
5738,14386,10808,2534,6412,4396,1562,74,-374.0
6454,13535,8924,1886,6532,2392,471,8,-43.0
6097,13702,9487,2082,6482,3005,738,15,-200.0
6056,14308,10300,2333,6602,3698,1104,24,-285.0
4892,13916,12931,3863,2684,10247,8548,2120,44.0
4884,13925,12887,3805,2944,9943,8037,1858,41.0
4912,13871,13041,4065,1692,11349,10487,3186,17.0
6200,13644,9307,2019,6500,2807,644,12,-156.0
4885,13921,12883,3810,2906,9977,8109,1905,37.0
6164,11993,7495,1520,5870,1625,253,2,146.0
6206,12877,8406,1760,6252,2154,373,4,-25.0
4608,7880,4438,825,3926,512,28,0,341.0
5198,14360,11748,2965,5706,6042,2948,250,-379.0
6102,14179,10088,2266,6580,3508,1019,32,-255.0
6244,13873,9543,2085,6576,2967,721,10,-171.0
6136,14019,9803,2166,6610,3193,799,18,-246.0
5338,14380,11505,2846,5934,5571,2512,170,-383.0
6220,13809,9485,2070,6550,2935,709,18,-174.0
5938,10853,6456,1257,5370,1086,113,0,284.0
4910,14135,12582,3485,4254,8328,5627,912,-128.0
4889,13930,12838,3765,3086,9752,7758,1739,32.0
6343,12534,7889,1604,6154,1735,226,1,94.0
5715,14168,10624,2494,6284,4340,1600,77,-323.0
6129,14112,9938,2210,6616,3322,880,23,-255.0
4888,13916,12931,3852,2750,10181,8416,2036,51.0
6173,12341,7863,1618,6018,1845,305,1,77.0
5272,14387,11700,2944,5736,5964,2915,254,-359.0
6162,14139,9957,2217,6612,3345,915,24,-237.0
3706,6021,3246,581,3006,240,9,0,350.0
5623,9756,5562,1045,4854,708,48,1,384.0
6178,11757,7226,1446,5776,1450,205,0,201.0
5965,14040,10046,2261,6526,3520,988,19,-290.0
6261,14059,9736,2138,6644,3092,771,17,-200.0
6269,12069,7467,1500,5934,1533,201,1,167.0
6231,13489,9081,1948,6474,2607,541,7,-125.0
6125,14310,10181,2281,6676,3505,958,19,-285.0
5386,14419,11507,2842,5962,5545,2495,160,-368.0
4900,14048,12631,3558,3914,8717,6220,1136,-75.0
5964,14056,10076,2273,6514,3562,1028,28,-289.0
4985,14273,12354,3305,4878,7476,4517,585,-239.0
6115,14050,9871,2190,6602,3269,846,21,-254.0
5615,14257,10864,2581,6242,4622,1773,91,-359.0
6071,13946,9821,2186,6526,3295,894,25,-240.0
6448,13278,8626,1800,6452,2174,374,4,-4.0
6274,13034,8523,1788,6318,2205,398,6,-25.0
6121,12039,7563,1537,5904,1659,231,1,108.0
6346,13525,9024,1925,6498,2526,529,8,-80.0
4901,13897,12961,3908,2474,10487,8949,2313,57.0
6150,12094,7587,1539,5940,1647,214,2,104.0
4994,14243,12314,3296,4852,7462,4539,604,-231.0
6030,11079,6610,1289,5486,1124,107,0,272.0
5609,14369,10993,2619,6272,4721,1825,109,-386.0
5753,14482,10901,2557,6460,4441,1562,63,-385.0
5316,9240,5275,992,4598,677,44,0,359.0
5978,14025,10028,2258,6508,3520,1009,24,-277.0
5574,9825,5671,1076,4886,785,53,0,344.0
5722,10297,6038,1160,5116,922,65,0,303.0
4900,14083,12654,3560,3948,8706,6187,1130,-89.0
6095,12827,8443,1777,6224,2219,379,3,-66.0
5853,14341,10595,2450,6490,4105,1361,49,-343.0
6229,12435,7909,1625,6068,1841,299,5,78.0
5024,14280,12200,3219,5086,7114,4108,488,-275.0
5175,14400,12048,3117,5394,6654,3612,369,-294.0
5976,11112,6694,1316,5492,1202,128,0,242.0
5207,14430,11859,3007,5676,6183,3078,273,-371.0
6078,11227,6716,1311,5566,1150,95,0,256.0
6196,13868,9599,2110,6538,3061,792,24,-183.0
6117,13852,9625,2116,6554,3071,744,15,-226.0
5814,14370,10714,2499,6434,4280,1502,62,-341.0
940,1436,731,124,718,13,0,0,111.0
5762,10517,6240,1211,5214,1026,89,0,274.0
2012,3104,1595,273,1552,43,0,0,230.0
4920,14141,12426,3381,4566,7860,5009,706,-176.0
5990,14255,10316,2349,6538,3778,1179,48,-298.0
2122,3293,1702,293,1646,56,1,0,238.0
5627,14343,10963,2612,6254,4709,1835,103,-365.0
5626,14393,11050,2643,6242,4808,1909,104,-360.0
5344,9402,5417,1026,4678,739,46,0,333.0
6218,13822,9515,2081,6544,2971,734,14,-170.0
6064,11556,7094,1416,5692,1402,172,0,186.0
5038,14292,12250,3245,5030,7220,4232,506,-249.0
6204,13409,9001,1925,6452,2549,505,10,-129.0
5164,8884,5027,938,4426,601,32,0,369.0
6059,13994,9904,2213,6530,3374,934,17,-244.0
5482,9727,5647,1077,4832,815,63,0,325.0
4784,8016,4438,813,3998,440,20,0,393.0
1648,2520,1284,218,1260,24,0,0,194.0
4899,14049,12687,3593,3816,8871,6417,1195,-56.0
1576,2444,1262,217,1222,40,0,0,177.0
5531,14429,11176,2686,6236,4940,1957,111,-408.0
5974,14052,10039,2257,6536,3503,980,30,-296.0
5016,14287,12279,3262,4986,7293,4315,538,-254.0
5590,14295,10946,2610,6232,4714,1831,96,-369.0
5162,14476,12008,3068,5608,6400,3260,302,-374.0
6200,14160,9952,2215,6614,3338,932,32,-223.0
5538,9901,5768,1101,4930,838,41,0,304.0
6204,13915,9628,2113,6578,3050,759,18,-196.0
4490,7561,4198,770,3776,422,9,0,357.0
5878,10551,6174,1184,5244,930,63,0,317.0
6017,14176,10186,2305,6542,3644,1092,31,-278.0
2652,4184,2195,383,2092,103,0,0,280.0
5265,14298,11539,2881,5792,5747,2714,223,-375.0
4012,6564,3557,639,3280,277,4,0,366.0
4913,13871,13043,4068,1678,11365,10515,3201,17.0
5218,8875,4975,921,4424,551,27,0,397.0
6032,11318,6859,1354,5594,1265,130,0,219.0
5882,10629,6250,1203,5282,968,65,0,300.0
5588,9936,5775,1102,4938,837,60,0,325.0
5411,14398,11388,2793,6018,5370,2362,177,-392.0
5026,14232,12182,3228,4996,7186,4240,534,-252.0
6231,12366,7821,1598,6054,1767,258,1,88.0
6249,13165,8701,1841,6356,2345,453,5,-56.0
6113,13421,9111,1965,6432,2679,557,5,-162.0
4887,13960,12840,3749,3186,9654,7588,1665,18.0
5410,14381,11341,2772,6050,5291,2281,164,-402.0
6208,13294,8870,1888,6412,2458,470,4,-104.0
4869,13989,12749,3656,3562,9187,6865,1361,-27.0
4918,8355,4678,865,4166,512,23,0,376.0
1304,1996,1018,173,998,20,0,0,153.0
5166,8857,4997,930,4414,583,29,0,376.0
6075,13069,8773,1880,6266,2507,537,11,-101.0
5274,14403,11709,2944,5754,5955,2895,248,-364.0
5782,10467,6174,1193,5190,984,87,0,296.0
6142,13542,9266,2016,6436,2830,670,6,-150.0
5306,14337,11531,2870,5842,5689,2653,204,-370.0
5348,14318,11387,2803,5956,5431,2406,164,-386.0
6336,13717,9254,1991,6562,2692,593,10,-118.0
6123,13966,9803,2178,6538,3265,890,21,-218.0
6068,13728,9555,2106,6474,3081,780,16,-211.0
4911,13867,13038,4060,1716,11322,10435,3151,22.0
3654,5955,3216,576,2976,240,3,0,339.0
4952,14171,12337,3322,4742,7595,4687,618,-204.0
5556,9780,5631,1065,4872,759,36,0,342.0
5657,14220,10719,2521,6312,4407,1596,75,-365.0
6284,12606,8043,1656,6150,1893,306,4,65.0
4110,6783,3704,670,3388,316,7,0,361.0
6244,13454,9029,1932,6466,2563,522,4,-113.0
6321,12263,7633,1541,6020,1613,223,1,150.0
3380,5368,2833,497,2684,149,0,0,348.0
5790,14377,10734,2506,6432,4302,1513,76,-359.0
5334,9207,5224,977,4586,638,35,0,374.0
5878,14221,10419,2395,6468,3951,1285,48,-319.0
5210,14353,11776,2982,5660,6116,3033,248,-349.0
5928,13852,9870,2217,6438,3432,976,32,-271.0
5140,8940,5103,959,4452,651,36,0,344.0
6074,14167,10055,2248,6622,3433,923,24,-286.0
6389,13081,8476,1767,6350,2126,381,5,17.0
6317,13127,8601,1809,6348,2253,431,5,-18.0
4668,7924,4433,819,3952,481,20,0,358.0
4956,14251,12461,3367,4720,7741,4811,638,-201.0
5363,9248,5241,979,4608,633,32,1,377.0
4877,14035,12705,3606,3774,8931,6487,1221,-59.0
6196,13777,9480,2072,6528,2952,721,14,-173.0
6228,13511,9086,1944,6508,2578,495,2,-141.0
5945,10955,6551,1280,5422,1129,111,1,261.0
5024,14347,12286,3248,5084,7202,4179,510,-285.0
6281,13536,9074,1939,6514,2560,508,7,-120.0
5464,14550,11509,2820,6098,5411,2354,160,-397.0
5378,14438,11520,2844,5976,5544,2486,170,-384.0
5358,14376,11519,2861,5872,5647,2632,206,-360.0
4972,14282,12383,3314,4882,7501,4518,572,-241.0
6135,13417,9108,1968,6408,2700,601,11,-142.0
5468,14449,11359,2766,6122,5237,2205,122,-388.0
6156,11948,7415,1490,5890,1525,168,0,133.0
6151,13816,9567,2101,6528,3039,760,21,-199.0
6249,13045,8558,1800,6316,2242,413,9,-38.0
5365,14381,11471,2834,5938,5533,2505,185,-379.0
4897,13911,12943,3876,2630,10313,8651,2161,53.0
6292,13174,8652,1820,6384,2268,406,8,-50.0
5749,14263,10629,2473,6420,4209,1423,45,-358.0
6177,12663,8188,1701,6170,2018,323,5,1.0
5528,14436,11262,2730,6144,5118,2148,136,-376.0
6214,12041,7469,1501,5932,1537,177,0,141.0
6281,11987,7347,1462,5922,1425,143,1,179.0
1488,2284,1168,199,1142,26,0,0,173.0
5081,14265,12012,3125,5274,6738,3717,401,-297.0
3250,5191,2755,486,2594,161,3,0,328.0
6312,13828,9392,2029,6610,2782,608,8,-153.0
6055,14141,10102,2277,6542,3560,1057,35,-261.0
4857,13964,12811,3711,3356,9455,7252,1515,-7.0
6176,11843,7299,1461,5832,1467,179,2,171.0
6255,12915,8389,1748,6290,2099,335,3,-19.0
6264,13529,9094,1949,6494,2600,541,10,-120.0
4897,13980,12867,3758,3186,9681,7608,1659,26.0
5600,10146,5987,1157,5032,955,82,0,284.0
5980,14117,10122,2284,6540,3582,1037,38,-299.0
5272,14452,11793,2975,5736,6057,2980,260,-362.0
6195,12707,8230,1713,6182,2048,343,3,5.0
1160,1784,914,156,892,22,0,0,134.0
5044,14251,12181,3223,5024,7157,4203,518,-249.0
5360,14543,11684,2897,5986,5698,2571,166,-396.0
5722,10471,6217,1206,5198,1019,75,0,262.0
4742,7993,4441,815,3992,449,9,0,375.0
4963,14243,12303,3284,4902,7401,4439,583,-261.0
1528,2356,1210,207,1178,32,0,0,175.0
6064,11300,6814,1340,5588,1226,124,0,238.0
4886,13949,12871,3779,3068,9803,7813,1760,29.0
5518,14326,11094,2668,6180,4914,1966,102,-382.0
5701,14292,10756,2529,6338,4418,1616,91,-364.0
6298,13343,8849,1877,6436,2413,471,8,-73.0
6081,11555,7083,1413,5688,1395,179,1,196.0
2702,4233,2207,383,2116,91,1,0,293.0
5123,14307,11994,3110,5328,6666,3651,395,-300.0
6415,12644,7952,1617,6202,1750,240,1,106.0
6331,13600,9104,1944,6544,2560,512,5,-109.0
4875,13983,12795,3702,3378,9417,7227,1527,-15.0
5626,14302,10934,2607,6226,4708,1850,98,-349.0
5379,14378,11507,2857,5872,5635,2634,205,-349.0
5818,14456,10807,2525,6464,4343,1528,66,-356.0
6128,13730,9496,2083,6494,3002,742,12,-189.0
6405,12661,7988,1630,6196,1792,269,5,102.0
5571,14527,11247,2702,6282,4965,1963,111,-411.0
6065,13865,9746,2168,6484,3262,897,25,-222.0
4883,14020,12752,3642,3652,9100,6716,1285,-27.0
5986,14350,10385,2357,6628,3757,1094,30,-336.0
4903,13875,13018,3995,2066,10952,9743,2735,51.0
4883,14031,12704,3608,3760,8944,6511,1227,-52.0
6310,13691,9252,1993,6546,2706,599,8,-122.0
6036,13989,9893,2207,6544,3349,901,26,-267.0
6238,13807,9477,2068,6546,2931,715,12,-160.0
5810,14151,10405,2397,6428,3977,1295,48,-333.0
6226,13484,9087,1952,6462,2625,560,10,-123.0
4883,13926,12894,3825,2838,10056,8250,1993,26.0
6106,11791,7297,1464,5810,1487,171,0,148.0
6223,12785,8278,1721,6230,2048,325,3,-5.0
4913,13872,13053,4089,1572,11481,10728,3331,5.0
4907,13894,12971,3927,2380,10591,9134,2413,57.0
6153,12033,7516,1519,5918,1598,197,1,117.0
6174,11791,7242,1445,5814,1428,163,0,180.0
4350,7131,3874,698,3560,314,11,0,395.0
4936,14208,12555,3442,4458,8097,5292,796,-159.0
1048,1588,802,135,794,8,0,0,127.0
6112,13831,9614,2115,6538,3076,755,14,-220.0
6070,11547,7072,1408,5696,1376,155,0,187.0
6045,13722,9553,2104,6482,3071,758,19,-228.0
2902,4597,2421,424,2298,123,1,0,302.0
6053,14143,10051,2250,6602,3449,939,29,-289.0
6207,13124,8673,1832,6354,2319,416,5,-76.0
5281,14396,11663,2923,5788,5875,2820,243,-375.0
2992,4708,2464,429,2354,110,0,0,319.0
6120,13943,9780,2172,6528,3252,887,22,-215.0
4885,14030,12707,3610,3754,8953,6522,1227,-48.0
748,1140,579,98,570,9,0,0,89.0
5711,14182,10594,2473,6350,4244,1482,61,-350.0
5576,9942,5791,1107,4940,851,62,0,318.0
5478,14242,11016,2646,6156,4860,1930,110,-394.0
5988,14045,10034,2258,6520,3514,1005,30,-281.0
6004,14239,10266,2328,6564,3702,1111,34,-297.0
6372,12965,8359,1735,6308,2051,349,2,31.0
6227,13896,9583,2098,6578,3005,740,17,-184.0
6087,13383,9106,1969,6398,2708,587,7,-159.0
4852,8130,4496,822,4060,436,10,0,396.0
6046,11199,6716,1314,5548,1168,103,0,249.0
2390,3761,1969,343,1880,89,1,0,255.0
2334,3673,1923,335,1836,87,1,0,249.0
5202,14395,11811,2987,5700,6111,2995,240,-369.0
5661,14411,10986,2608,6324,4662,1763,81,-372.0
5630,9835,5640,1065,4890,750,55,0,370.0
6421,13449,8853,1868,6498,2355,453,9,-43.0
6239,12228,7646,1546,6016,1630,196,1,111.0
5034,14275,12195,3217,5088,7107,4099,472,-263.0
3282,5243,2783,491,2620,163,3,0,331.0
5147,14342,11960,3079,5446,6514,3450,329,-314.0
4982,14184,12329,3325,4708,7621,4768,670,-198.0
4906,13879,13019,3998,2050,10969,9779,2760,48.0
6195,13263,8875,1897,6368,2507,527,7,-90.0
6269,12057,7455,1497,5928,1527,201,1,170.0
5338,14429,11629,2901,5852,5777,2725,212,-363.0
6149,14138,9936,2204,6648,3288,842,15,-257.0
6003,14457,10523,2404,6622,3901,1213,51,-335.0
5374,9297,5285,990,4630,655,37,0,372.0
4899,13994,12701,3630,3622,9079,6750,1325,-24.0
6331,13192,8640,1814,6396,2244,400,5,-35.0
6044,14180,10137,2282,6582,3555,1016,24,-281.0
5346,14403,11503,2843,5948,5555,2507,192,-397.0
4937,14149,12478,3421,4430,8048,5289,817,-155.0
5438,9731,5690,1092,4828,862,75,0,305.0
6349,13435,8904,1888,6480,2424,475,9,-70.0
5176,14348,11884,3043,5510,6374,3328,328,-331.0
6282,13261,8751,1846,6426,2325,409,4,-74.0
6300,13662,9237,1992,6522,2715,618,12,-117.0
5694,14222,10637,2483,6376,4261,1470,66,-374.0
4911,13874,13038,4047,1794,11244,10286,3061,28.0
5849,14241,10434,2393,6510,3924,1221,41,-351.0
4913,13871,13048,4085,1586,11462,10699,3317,5.0
4927,14155,12525,3443,4392,8133,5371,827,-146.0
6076,13986,9834,2182,6576,3258,834,16,-258.0
4907,13882,12982,3952,2252,10730,9378,2545,55.0
320,484,244,41,242,2,0,0,39.0
6321,13486,8991,1915,6492,2499,502,7,-89.0
5786,10305,5986,1140,5132,854,41,0,327.0
5697,14451,10984,2601,6362,4622,1727,77,-371.0
4534,7613,4219,773,3800,419,13,0,367.0
6134,11503,6960,1371,5694,1266,115,0,220.0
6106,13979,9794,2167,6586,3208,807,12,-246.0
6096,13707,9501,2088,6474,3027,759,18,-198.0
6484,13231,8540,1773,6442,2098,347,2,20.0
5142,8897,5055,946,4434,621,29,0,354.0
4928,14115,12368,3359,4582,7786,4951,702,-178.0
5460,9524,5455,1029,4736,719,52,0,362.0
5019,14241,12229,3249,4964,7265,4313,539,-242.0
5936,10766,6359,1230,5338,1021,90,0,299.0
6056,14022,9965,2239,6496,3469,1030,40,-240.0
5255,14427,11817,2995,5664,6153,3099,291,-350.0
5255,14416,11763,2968,5718,6045,2980,269,-366.0
4909,14026,12737,3640,3634,9103,6758,1315,-20.0
6196,14070,9786,2152,6660,3126,750,16,-240.0
4886,14008,12740,3649,3586,9154,6836,1362,-31.0
6234,12609,8087,1671,6148,1939,313,4,41.0
5014,14242,12346,3321,4766,7580,4710,654,-203.0
4738,8013,4468,823,3998,470,17,0,370.0
5766,10683,6416,1258,5284,1132,115,0,241.0
6272,13399,8941,1905,6452,2489,495,2,-91.0
5428,9374,5322,996,4668,654,38,0,380.0
6323,13405,8910,1895,6450,2460,505,7,-67.0
5156,14403,12083,3138,5338,6745,3727,422,-302.0
5601,14375,11021,2631,6256,4765,1863,113,-384.0
6149,11571,7026,1389,5718,1308,135,1,215.0
4951,14199,12397,3352,4682,7715,4835,675,-203.0
6034,13544,9355,2047,6428,2927,688,10,-202.0
5388,9560,5541,1054,4758,783,44,0,315.0
4999,14225,12320,3304,4816,7504,4593,603,-210.0
6279,13317,8826,1869,6438,2388,441,3,-81.0
4909,14045,12625,3558,3902,8723,6241,1145,-69.0
4634,7729,4258,776,3860,398,9,0,387.0
5209,14334,11774,2990,5608,6166,3118,283,-341.0
6146,14095,9882,2188,6636,3246,823,20,-255.0
5940,14114,10178,2308,6508,3670,1098,40,-304.0
5962,14151,10200,2312,6528,3672,1095,36,-301.0
6287,13174,8669,1828,6370,2299,434,9,-46.0
6156,13394,9068,1956,6400,2668,594,8,-126.0
6235,13892,9554,2085,6598,2956,696,13,-188.0
6043,11412,6961,1383,5624,1337,164,1,209.0
432,648,324,54,324,0,0,0,54.0
5488,14378,11206,2709,6158,5048,2062,116,-393.0
5790,14395,10764,2516,6432,4332,1531,72,-357.0
5254,14451,11809,2982,5726,6083,2999,268,-370.0
6406,13550,8958,1893,6558,2400,434,6,-79.0
6215,12420,7910,1627,6058,1852,304,1,78.0
5028,8640,4879,908,4310,569,20,0,359.0
6050,14221,10169,2288,6610,3559,1001,20,-290.0
5960,14097,10151,2300,6502,3649,1093,30,-286.0
4652,7900,4423,818,3938,485,24,0,357.0
6223,12328,7776,1584,6048,1728,232,1,87.0
4460,7484,4143,758,3738,405,8,0,361.0
5391,14383,11407,2801,6008,5399,2367,155,-386.0
5860,10618,6258,1207,5274,984,70,0,293.0
5504,9844,5750,1102,4888,862,68,0,308.0
6004,14052,10053,2268,6498,3555,1056,32,-263.0
6234,13123,8679,1840,6318,2361,487,16,-50.0
6246,12550,8003,1645,6136,1867,278,2,54.0
2484,3916,2053,358,1958,95,0,0,263.0
792,1200,606,102,600,6,0,0,96.0
5187,14381,11900,3044,5536,6364,3309,327,-338.0
5348,9378,5392,1020,4664,728,50,0,342.0
4406,7321,4021,731,3656,365,9,0,375.0
4913,13872,13051,4082,1610,11441,10652,3283,10.0
6238,14175,9907,2192,6662,3245,851,20,-222.0
5988,14194,10220,2314,6556,3664,1082,32,-300.0
4558,7575,4164,758,3780,384,15,0,389.0
6244,12246,7668,1553,6018,1650,210,0,113.0
5279,14416,11726,2947,5770,5956,2876,225,-358.0
6356,12789,8159,1677,6256,1903,277,2,49.0
6154,13901,9654,2123,6570,3084,761,16,-216.0
6163,11926,7400,1489,5866,1534,194,1,148.0
4931,14139,12571,3484,4238,8333,5663,935,-121.0
5787,14323,10717,2511,6368,4349,1587,79,-330.0
6398,13797,9261,1982,6630,2631,537,8,-120.0
5128,8872,5042,944,4420,622,32,0,354.0
1520,2332,1192,203,1166,26,0,0,177.0
5790,14375,10730,2503,6442,4288,1491,64,-358.0
6268,13031,8514,1783,6330,2184,371,2,-32.0
4946,8479,4781,889,4228,553,23,0,359.0
5001,14228,12327,3307,4812,7515,4604,603,-207.0
6131,12397,7957,1646,6038,1919,321,3,45.0
4889,13920,12920,3842,2788,10132,8344,2007,47.0
6123,13830,9595,2108,6542,3053,746,21,-220.0
5926,10959,6572,1287,5422,1150,115,0,252.0
4925,14066,12655,3575,3860,8795,6346,1187,-61.0
5660,14365,10900,2577,6338,4562,1689,86,-382.0
6294,12939,8413,1759,6272,2141,395,4,9.0
6267,13230,8765,1859,6376,2389,478,5,-57.0
6231,13717,9374,2039,6514,2860,689,19,-151.0
6310,12965,8420,1758,6292,2128,381,4,7.0
6157,13241,8870,1895,6370,2500,501,5,-109.0
3034,4813,2538,445,2406,132,1,0,314.0
5959,14102,10126,2288,6524,3602,1054,45,-305.0
6264,13271,8824,1878,6380,2444,511,6,-61.0
5210,14411,11873,3020,5626,6247,3159,280,-348.0
5786,14305,10669,2489,6404,4265,1497,60,-339.0
6053,14209,10178,2298,6568,3610,1073,37,-276.0
3412,5534,2976,531,2766,210,2,0,323.0
5249,14399,11819,3002,5626,6193,3147,289,-333.0
5639,14480,11093,2645,6316,4777,1848,109,-393.0
4990,14244,12363,3324,4782,7581,4680,638,-215.0
6174,11991,7446,1497,5910,1536,171,0,132.0
4654,7903,4424,818,3940,484,23,0,357.0
5000,14252,12261,3259,4968,7293,4316,532,-250.0
6308,12796,8219,1699,6244,1975,308,0,32.0
6238,12558,8037,1659,6120,1917,318,2,58.0
1736,2700,1398,241,1350,48,0,0,193.0
5808,14552,10849,2519,6584,4265,1384,52,-414.0
4911,13867,13023,4031,1860,11163,10147,2979,36.0
5177,14313,11861,3043,5464,6397,3385,349,-318.0
4882,13930,12920,3834,2836,10084,8258,1970,38.0
2676,4192,2185,379,2096,89,0,0,290.0
5336,14418,11574,2875,5898,5676,2622,204,-383.0
6219,13140,8716,1851,6326,2390,488,5,-56.0
6346,12965,8387,1746,6298,2089,369,4,22.0
3164,5064,2693,476,2530,163,4,0,317.0
4999,14235,12158,3205,5086,7072,4063,479,-283.0
5114,8653,4830,891,4314,516,25,0,400.0
6120,13738,9499,2082,6506,2993,726,16,-201.0
5682,10305,6084,1176,5112,972,81,0,285.0
5116,14294,11996,3114,5308,6688,3678,400,-296.0
5228,14424,11801,2980,5722,6079,2980,256,-375.0
6205,13824,9514,2079,6554,2960,716,19,-184.0
5430,9541,5495,1041,4744,751,53,0,343.0
5094,14354,12148,3174,5252,6896,3850,414,-286.0
5348,9384,5393,1019,4672,721,40,0,338.0
5527,14321,11084,2665,6178,4906,1965,99,-375.0
4951,14167,12586,3488,4244,8342,5679,943,-118.0
4948,14172,12473,3409,4492,7981,5188,776,-160.0
3784,6142,3307,591,3068,239,6,0,358.0
4332,7246,4002,731,3618,384,10,0,357.0
2756,4296,2229,385,2148,81,0,0,304.0
408,612,306,51,306,0,0,0,51.0
3132,4994,2646,466,2496,150,2,0,318.0
5488,14341,11217,2728,6066,5151,2209,150,-364.0
5879,14171,10343,2368,6478,3865,1215,35,-317.0
6176,14162,10000,2235,6590,3410,982,28,-221.0
5716,14536,11127,2658,6306,4821,1924,112,-351.0
6322,12400,7775,1578,6082,1693,236,2,119.0
4924,14067,12615,3542,3978,8637,6111,1086,-70.0
5568,14343,11092,2670,6164,4928,2015,110,-353.0
5278,14426,11755,2962,5738,6017,2950,250,-355.0
784,1196,608,103,598,10,0,0,93.0
4912,13873,13036,4043,1814,11222,10245,3034,32.0
4897,14039,12742,3641,3638,9104,6763,1341,-41.0
4951,14187,12330,3320,4740,7590,4707,663,-226.0
6082,13820,9673,2144,6482,3191,856,18,-209.0
4270,7073,3875,703,3532,343,9,0,369.0
2666,4239,2241,394,2118,123,3,0,274.0
6185,13936,9655,2119,6596,3059,744,19,-215.0
6218,14085,9811,2163,6644,3167,797,12,-219.0
5685,14338,10850,2560,6340,4510,1658,71,-363.0
6221,12081,7513,1514,5942,1571,197,1,139.0
5975,14258,10308,2341,6570,3738,1118,37,-316.0
6249,13882,9560,2093,6562,2998,758,19,-166.0
5191,14373,11938,3065,5486,6452,3401,323,-309.0
2244,3500,1817,314,1750,67,0,0,247.0
6267,12827,8298,1726,6240,2058,347,3,12.0
4844,8230,4606,851,4106,500,18,0,369.0
6036,14281,10289,2335,6568,3721,1145,50,-291.0
5707,14272,10704,2506,6372,4332,1528,69,-367.0
5263,14412,11747,2957,5752,5995,2908,229,-359.0
5514,9815,5715,1093,4872,843,71,0,321.0
5721,14399,10894,2573,6350,4544,1699,85,-357.0
6352,13596,9086,1939,6538,2548,520,8,-97.0
6197,13902,9598,2101,6590,3008,722,23,-208.0
6010,14261,10277,2328,6586,3691,1089,28,-302.0
2518,3953,2065,359,1976,89,1,0,271.0
5948,10726,6300,1212,5328,972,70,0,310.0
6059,14253,10233,2316,6570,3663,1113,43,-277.0
5795,14447,10786,2513,6494,4292,1459,59,-379.0
5924,14446,10655,2465,6520,4135,1406,68,-332.0
6124,13841,9610,2112,6548,3062,745,14,-219.0
4878,13962,12831,3731,3276,9555,7410,1570,16.0
6443,13428,8792,1845,6514,2278,400,5,-38.0
6151,12380,7892,1620,6064,1828,252,1,43.0
4640,7858,4387,809,3920,467,18,0,360.0
6250,12538,7998,1646,6120,1878,298,2,64.0
6428,13226,8608,1802,6404,2204,418,8,8.0
4884,13980,12813,3717,3324,9489,7332,1560,0.0
5814,14268,10563,2448,6438,4125,1392,54,-339.0
5802,14420,10750,2503,6482,4268,1456,62,-371.0
4961,14186,12339,3321,4752,7587,4682,623,-207.0
6228,14034,9742,2143,6626,3116,782,16,-207.0
3112,4998,2665,472,2498,167,2,0,307.0
5676,10300,6087,1178,5106,981,88,0,285.0
6306,13888,9457,2046,6638,2819,612,10,-171.0
5340,9338,5354,1010,4648,706,42,0,346.0
6139,14024,9822,2175,6594,3228,836,21,-238.0
6165,13225,8856,1894,6348,2508,529,13,-98.0
5550,9813,5677,1079,4880,797,53,0,335.0
1696,2612,1340,229,1306,34,0,0,195.0
5053,14263,12026,3125,5302,6724,3659,369,-309.0
2636,4154,2178,380,2076,102,2,0,280.0
6274,13340,8852,1876,6448,2404,444,6,-90.0
5903,14195,10356,2374,6468,3888,1259,55,-310.0
5932,14347,10496,2407,6550,3946,1247,34,-326.0
5929,14174,10222,2313,6566,3656,1042,35,-336.0
5824,10558,6233,1205,5236,997,86,0,294.0
4962,8513,4804,894,4244,560,25,0,359.0
6207,13811,9490,2070,6560,2930,691,15,-184.0
3708,5942,3162,559,2970,192,2,0,369.0
4903,13886,12992,3945,2314,10678,9258,2461,64.0
4892,14056,12669,3575,3888,8781,6280,1144,-70.0
4798,8073,4483,823,4028,455,17,0,385.0
5561,14322,10976,2615,6262,4714,1798,99,-400.0
6184,13524,9167,1976,6478,2689,568,4,-149.0
6040,13681,9568,2122,6404,3164,873,26,-195.0
6173,12979,8556,1806,6276,2280,427,9,-56.0
4250,7025,3844,697,3506,338,13,0,372.0
5598,14514,11182,2675,6314,4868,1886,102,-409.0
5134,14349,11981,3094,5398,6583,3553,392,-328.0
6297,13402,8931,1903,6444,2487,514,7,-77.0
2916,4612,2425,424,2306,119,0,0,305.0
5485,14418,11284,2740,6128,5156,2162,135,-389.0
3890,6353,3438,617,3174,264,5,0,358.0
5649,14408,10959,2592,6366,4593,1676,67,-392.0
5882,14150,10326,2366,6456,3870,1238,42,-308.0
5468,14466,11388,2780,6096,5292,2274,152,-390.0
4884,14064,12729,3612,3786,8943,6492,1224,-63.0
5597,14397,11059,2642,6266,4793,1865,97,-383.0
4686,7875,4368,801,3930,438,15,0,378.0
6236,12929,8458,1777,6254,2204,421,6,-12.0
6320,12951,8376,1741,6306,2070,339,6,4.0
232,348,174,29,174,0,0,0,29.0
4897,14074,12643,3559,3932,8711,6210,1151,-93.0
5148,14361,11890,3035,5570,6320,3221,294,-358.0
4875,13936,12843,3758,3138,9705,7660,1689,24.0
5752,14317,10666,2480,6452,4214,1413,58,-379.0
5962,13959,9943,2230,6506,3437,947,24,-284.0
5112,14293,11943,3081,5400,6543,3493,350,-319.0
5758,14283,10664,2491,6382,4282,1519,80,-352.0
6359,13551,9024,1920,6528,2496,495,7,-88.0
6336,13622,9125,1950,6550,2575,522,8,-111.0
2888,4630,2465,436,2314,151,2,0,287.0
6291,12694,8133,1680,6186,1947,322,5,50.0
5164,14378,11916,3044,5568,6348,3242,280,-342.0
5398,14343,11352,2785,5994,5358,2355,160,-378.0
5669,14359,10913,2585,6316,4597,1727,77,-362.0
4784,8160,4582,849,4070,512,20,0,357.0
5862,14327,10528,2421,6530,3998,1267,48,-358.0
5032,14327,12344,3285,4978,7366,4371,526,-236.0
5976,14014,10056,2277,6450,3606,1114,44,-259.0
6080,14145,10066,2262,6560,3506,1025,42,-261.0
6277,12251,7658,1551,6010,1648,231,1,133.0
5601,14557,11227,2688,6326,4901,1905,109,-417.0
3280,5276,2816,499,2638,178,0,0,321.0
2618,4153,2190,384,2076,114,1,0,271.0
6241,13438,9027,1936,6438,2589,562,15,-106.0
6395,13027,8390,1738,6352,2038,323,3,20.0
912,1388,704,119,694,10,0,0,109.0
6275,12380,7791,1585,6072,1719,236,1,101.0
5416,9570,5535,1052,4758,777,54,0,329.0
6192,14005,9765,2158,6582,3183,841,22,-206.0
4855,14008,12740,3628,3712,9028,6584,1225,-41.0
4334,7175,3930,713,3582,348,11,0,376.0
3396,5432,2885,509,2716,169,0,0,340.0
6203,13538,9180,1982,6468,2712,602,9,-137.0
6082,13471,9237,2013,6396,2841,679,16,-165.0
5696,14311,10763,2524,6382,4381,1547,66,-376.0
6267,13654,9256,1999,6518,2738,618,9,-130.0
5093,14339,12087,3148,5286,6801,3767,421,-307.0
6167,13557,9225,1995,6480,2745,597,7,-160.0
5265,14443,11805,2984,5706,6099,3031,273,-357.0
4912,13872,13048,4060,1736,11312,10400,3120,28.0
6235,13602,9182,1971,6538,2644,526,9,-156.0
5158,14385,12036,3118,5364,6672,3657,412,-309.0
6166,13732,9450,2064,6516,2934,700,10,-180.0
5002,14243,12306,3294,4848,7458,4547,612,-229.0
6147,13566,9266,2012,6460,2806,646,17,-165.0
6000,14075,10085,2277,6508,3577,1059,26,-267.0
5976,11392,6988,1393,5618,1370,156,0,179.0
5177,14455,11895,3011,5724,6171,3007,241,-394.0
6349,13419,8891,1885,6472,2419,475,5,-64.0
5227,14399,11755,2961,5744,6011,2911,239,-378.0
6336,12703,8105,1669,6196,1909,311,2,69.0
5807,14182,10409,2390,6478,3931,1226,41,-356.0
5306,14373,11628,2914,5772,5856,2829,240,-353.0
5170,8713,4844,890,4348,496,17,0,411.0
5536,14363,11109,2670,6198,4911,1967,114,-388.0
6370,12512,7851,1594,6138,1713,236,2,115.0
4912,13877,13012,3989,2090,10922,9697,2706,58.0
6087,14195,10099,2266,6602,3497,991,35,-275.0
6237,13939,9607,2100,6614,2993,711,13,-195.0
5872,10692,6334,1228,5300,1034,92,0,286.0
6243,12894,8392,1753,6266,2126,362,1,-12.0
6075,13454,9210,2002,6408,2802,638,9,-171.0
6241,13564,9151,1966,6506,2645,552,11,-138.0
4968,8466,4749,879,4224,525,18,0,372.0
5220,9014,5118,958,4488,630,38,0,366.0
5848,14368,10658,2476,6460,4198,1448,64,-338.0
6127,13997,9854,2197,6526,3328,945,27,-213.0
6160,13867,9641,2126,6526,3115,815,18,-192.0
6060,13775,9612,2122,6492,3120,791,18,-225.0
5568,9926,5791,1110,4922,869,82,0,323.0
5065,14330,12106,3150,5312,6794,3706,371,-309.0
2380,3716,1931,334,1858,73,0,0,261.0
6317,12667,8082,1664,6180,1902,307,1,68.0
5620,14476,11127,2660,6294,4833,1888,104,-389.0
172,260,131,22,130,1,0,0,21.0
4908,14168,12487,3407,4532,7955,5104,736,-180.0
4890,13906,12947,3891,2548,10399,8810,2262,40.0
6108,14020,9898,2211,6530,3368,960,28,-225.0
5238,9225,5319,1008,4590,729,45,0,324.0
6385,13652,9121,1947,6560,2561,532,11,-93.0
5362,14445,11570,2867,5938,5632,2569,184,-380.0
4957,14173,12510,3438,4392,8118,5389,853,-144.0
6319,12190,7547,1516,5998,1549,194,1,160.0
5808,10904,6606,1303,5394,1212,116,0,207.0
3050,4857,2570,452,2428,142,1,0,311.0
5125,14426,12120,3142,5388,6732,3650,383,-323.0
6421,13568,8997,1910,6534,2463,500,7,-60.0
6110,11909,7439,1506,5842,1597,225,0,134.0
1870,2897,1495,257,1448,47,1,0,211.0
4524,7570,4186,766,3776,410,18,0,374.0
4894,14025,12578,3524,4012,8566,6001,1036,-77.0
5579,14335,10965,2607,6288,4677,1759,87,-398.0
5195,14395,11851,3011,5636,6215,3123,279,-360.0
6280,13317,8844,1879,6414,2430,489,10,-72.0
4931,14191,12423,3369,4632,7791,4927,711,-206.0
2044,3144,1611,275,1572,39,0,0,236.0
5742,14360,10795,2536,6374,4421,1612,86,-359.0
4877,14025,12684,3588,3840,8844,6345,1141,-52.0
6255,13474,9046,1937,6470,2576,534,5,-110.0
6268,13910,9572,2094,6580,2992,750,16,-164.0
4974,14199,12312,3306,4788,7524,4623,624,-219.0
5367,14400,11485,2835,5960,5525,2480,173,-383.0
6210,12047,7487,1508,5926,1561,195,0,142.0
392,588,294,49,294,0,0,0,49.0
6310,13524,9063,1941,6480,2583,564,14,-92.0
5788,10472,6173,1192,5194,979,84,0,297.0
5076,14339,12254,3246,5032,7222,4275,554,-255.0
6023,13873,9808,2193,6458,3350,957,35,-235.0
6389,12496,7804,1577,6146,1658,204,3,120.0
4993,14285,12308,3273,4978,7330,4329,529,-257.0
6288,13269,8779,1859,6404,2375,461,6,-61.0
5981,14341,10412,2374,6580,3832,1181,45,-322.0
6193,13895,9622,2115,6554,3068,787,29,-195.0
6392,12168,7464,1489,5994,1470,180,0,199.0
6220,12579,8076,1671,6126,1950,327,2,46.0
5997,14075,10083,2276,6510,3573,1055,29,-271.0
5848,14224,10409,2384,6514,3895,1196,36,-351.0
6304,13626,9190,1978,6512,2678,602,12,-110.0
5078,14275,12068,3156,5200,6868,3875,448,-285.0
4896,13994,12690,3616,3684,9006,6626,1260,-24.0
5065,14282,12070,3154,5216,6854,3850,451,-301.0
6298,13423,8951,1908,6454,2497,515,8,-82.0
5074,14340,12178,3189,5222,6956,3896,406,-277.0
5760,14369,10774,2523,6410,4364,1549,66,-358.0
4913,13872,13056,4093,1554,11502,10764,3351,4.0
5441,14232,11068,2668,6128,4940,1976,95,-391.0
5713,14302,10800,2552,6288,4512,1726,107,-341.0
2352,3658,1895,327,1828,67,2,0,262.0
3266,5209,2760,486,2604,156,1,0,331.0
5983,14137,10178,2307,6514,3664,1109,35,-283.0
2624,4092,2124,367,2046,78,0,0,289.0
6462,12371,7612,1521,6098,1514,175,0,182.0
2920,4648,2460,433,2322,138,4,0,299.0
6165,13450,9108,1963,6438,2670,574,7,-140.0
5091,14271,12044,3139,5254,6790,3763,387,-275.0
5618,14523,11189,2681,6292,4897,1939,120,-397.0
5215,14273,11674,2955,5618,6056,3037,275,-339.0
5708,14428,10948,2593,6338,4610,1752,100,-365.0
4254,6959,3772,678,3476,296,7,0,389.0
3578,5817,3138,562,2904,234,9,0,337.0
5196,8896,5011,931,4436,575,24,0,380.0
6112,13257,8950,1926,6344,2606,569,10,-121.0
6162,11694,7156,1425,5762,1394,170,2,199.0
5534,9847,5714,1087,4906,808,35,0,314.0
6236,12226,7650,1548,6012,1638,202,0,112.0
4900,14034,12662,3585,3814,8848,6406,1200,-57.0
4948,14100,12589,3514,4094,8495,5912,1008,-77.0
5885,10809,6443,1255,5356,1087,97,1,264.0
5348,9234,5242,981,4598,644,38,0,375.0
6339,13297,8749,1843,6440,2309,417,3,-52.0
4946,14207,12392,3343,4726,7666,4755,644,-212.0
4130,6867,3775,687,3428,347,11,0,351.0
6385,13063,8468,1767,6334,2134,395,5,23.0
2016,3116,1604,275,1558,46,0,0,229.0
2668,4208,2207,385,2104,103,0,0,282.0
6315,13193,8669,1826,6382,2287,429,3,-35.0
4963,14201,12419,3373,4600,7819,5001,747,-192.0
5943,14280,10453,2406,6470,3983,1340,53,-290.0
4638,7929,4461,828,3954,507,21,0,342.0
5375,14462,11496,2826,6036,5460,2390,173,-417.0
6336,12749,8132,1671,6238,1894,273,2,48.0
1780,2744,1409,241,1372,37,0,0,204.0
4915,14175,12335,3309,4816,7519,4543,567,-234.0
5392,14422,11473,2827,5984,5489,2454,176,-384.0
6273,13284,8802,1865,6414,2388,456,7,-74.0
5464,14360,11289,2756,6042,5247,2276,148,-363.0
6065,13665,9504,2095,6438,3066,789,9,-191.0
6114,11557,7046,1398,5704,1342,149,0,205.0
5569,14411,11202,2711,6138,5064,2135,133,-351.0
5400,9418,5383,1012,4694,689,30,0,353.0
6195,12104,7551,1524,5958,1593,188,1,118.0
5151,14322,11972,3095,5374,6598,3574,365,-294.0
6291,12486,7902,1616,6108,1794,270,1,91.0
6166,13889,9668,2136,6520,3148,849,28,-191.0
5741,14346,10815,2549,6336,4479,1674,83,-339.0
5020,14299,12291,3261,5016,7275,4267,502,-249.0
5707,14283,10707,2503,6396,4311,1491,55,-372.0
6143,13769,9522,2089,6510,3012,749,19,-193.0
4908,14134,12583,3488,4238,8345,5658,932,-131.0
5339,14475,11709,2937,5796,5913,2883,271,-364.0
4910,14011,12839,3736,3262,9577,7487,1644,2.0
5927,14417,10606,2447,6530,4076,1357,59,-331.0
5720,14149,10587,2479,6300,4287,1549,62,-321.0
540,816,411,69,408,3,0,0,66.0
4913,13873,13045,4069,1676,11369,10521,3205,16.0
4930,14075,12640,3557,3938,8702,6199,1116,-62.0
4905,13875,12975,3957,2208,10767,9459,2601,48.0
5108,14357,12056,3122,5380,6676,3597,358,-315.0
5059,14302,12172,3202,5132,7040,4038,473,-273.0
3374,5375,2846,501,2686,160,3,0,344.0
6144,13898,9672,2132,6552,3120,794,20,-214.0
6040,14006,9913,2213,6548,3365,910,24,-266.0
6168,11336,6752,1313,5626,1126,84,0,271.0
4316,7132,3899,706,3562,337,8,0,377.0
6128,11514,6981,1378,5694,1287,126,0,217.0
6270,12950,8433,1763,6288,2145,374,2,-10.0
5378,9437,5414,1020,4708,706,21,0,335.0
6333,12746,8159,1685,6208,1951,330,3,61.0
6056,14162,10103,2272,6574,3529,1014,32,-275.0
6124,13869,9720,2161,6474,3246,921,22,-186.0
5336,9346,5367,1014,4650,717,46,0,343.0
6246,13422,9009,1931,6432,2577,558,10,-98.0
1884,2932,1519,262,1466,53,0,0,209.0
4166,6831,3710,668,3412,298,7,0,377.0
4939,14127,12527,3459,4300,8227,5527,879,-120.0
4854,8229,4607,853,4096,511,37,0,379.0
4390,7359,4076,747,3670,406,19,0,360.0
4911,14202,12485,3394,4606,7879,4990,705,-200.0
6418,13353,8729,1829,6484,2245,385,4,-35.0
5378,9461,5452,1033,4706,746,49,0,336.0
5652,10052,5845,1116,4994,851,64,0,329.0
5352,14492,11706,2927,5850,5856,2792,224,-361.0
3690,5891,3125,551,2944,181,3,0,373.0
6381,13563,9011,1913,6544,2467,475,5,-84.0
6258,12639,8124,1685,6138,1986,363,4,58.0
5546,9765,5630,1067,4858,772,49,0,344.0
4871,14073,12750,3617,3798,8952,6477,1211,-69.0
5272,14340,11640,2925,5730,5910,2880,248,-353.0
6065,11533,7056,1403,5694,1362,145,1,185.0
5312,9220,5256,987,4590,666,40,0,361.0
5126,14329,12000,3107,5358,6642,3613,388,-310.0
4916,14119,12469,3421,4412,8057,5295,814,-155.0
4879,14044,12672,3575,3894,8778,6256,1121,-68.0
6080,13819,9661,2139,6488,3173,843,26,-217.0
6077,13746,9571,2111,6476,3095,794,19,-209.0
6081,14104,10000,2238,6572,3428,960,31,-261.0
6127,12323,7855,1613,6032,1823,259,3,46.0
4630,7793,4327,794,3890,437,13,0,370.0
5760,14436,10898,2570,6376,4522,1684,80,-348.0
2762,4365,2294,401,2182,112,1,0,290.0
5258,14383,11634,2905,5838,5796,2707,212,-396.0
5808,14373,10691,2486,6466,4225,1441,62,-360.0
5995,14115,10119,2284,6534,3585,1047,31,-285.0
6311,12717,8120,1670,6220,1900,277,3,44.0
