N0,N1,N2,Volume,Enclosing_surface,Contact_surface,TETRAVOXEL,OCTOVOXEL,MISC_Async
48982,103147,68018,14349,49942,18076,3263,32,-496.0
27352,44028,23524,4174,22004,1520,20,0,2674.0
44198,110435,82455,19193,49752,32703,10931,396,-2975.0
48669,96169,60547,12316,47198,13349,1773,9,731.0
38739,110423,92116,23563,42854,49262,24715,2147,-3131.0
46067,108556,77632,17460,50504,27128,7548,197,-2317.0
7252,11056,5617,951,5528,89,0,0,862.0
44027,109931,81992,19069,49570,32422,10791,419,-2981.0
41826,73255,42047,7938,36466,5581,323,0,2680.0
32336,53242,29023,5243,26588,2435,66,0,2874.0
47811,106728,73347,15979,50820,22527,5088,89,-1549.0
45059,109483,80079,18340,50118,29961,9247,311,-2685.0
39869,68363,38558,7172,34084,4474,195,1,2892.0
35697,105084,100654,30778,16640,84014,71804,18079,489.0
39389,67637,38203,7116,33710,4493,217,1,2839.0
39941,110903,90195,22557,45048,45147,20807,1541,-3324.0
34078,56327,30800,5578,28132,2668,63,0,2973.0
36452,108569,96476,26284,35248,61228,38073,5054,-1925.0
44054,110038,82145,19126,49534,32611,10970,450,-2965.0
35592,59624,32982,6034,29760,3222,104,0,2916.0
42826,110817,84826,20137,48830,35996,13157,600,-3302.0
43964,110797,83092,19397,49802,33290,11193,438,-3138.0
47955,94737,59637,12130,46494,13143,1749,11,725.0
47088,88221,53361,10512,43650,9711,921,6,1716.0
35909,104629,101207,32035,10204,91003,84221,24801,452.0
45998,84796,50688,9895,42006,8682,784,2,1995.0
36826,109018,95565,25649,37236,58329,34546,4142,-2276.0
48775,100411,65168,13581,48850,16318,2711,23,-49.0
41747,111287,87166,21080,47852,39314,15583,803,-3454.0
35412,59236,32731,5983,29564,3167,108,0,2924.0
43300,110706,83935,19770,49250,34685,12206,532,-3241.0
39994,111037,90202,22524,45260,44942,20517,1464,-3365.0
44859,110163,81193,18707,50144,31049,9875,351,-2818.0
47935,106512,73070,15909,50686,22384,5140,81,-1416.0
48555,98832,63591,13159,48228,15363,2376,17,155.0
19526,30633,15991,2778,15314,677,5,0,2106.0
43276,110819,84221,19878,49174,35047,12471,502,-3200.0
42869,111329,85645,20440,48650,36995,14029,729,-3255.0
45038,109893,80505,18444,50346,30159,9201,280,-2794.0
35816,104781,100989,31461,13212,87777,78357,21478,563.0
44345,110506,82201,19064,50018,32183,10470,375,-3024.0
13084,20224,10411,1785,10112,299,0,0,1486.0
41371,111130,87846,21436,47076,40770,16978,993,-3349.0
43380,76821,44473,8454,38222,6251,377,2,2578.0
44440,110219,81711,18900,50022,31689,10175,354,-2968.0
9524,14586,7444,1266,7292,152,2,0,1116.0
13324,20636,10643,1828,10318,325,0,0,1503.0
44427,110577,82250,19086,49984,32266,10609,415,-2986.0
34628,57788,31869,5816,28842,3027,104,0,2893.0
36900,109073,95341,25512,37610,57731,33853,3978,-2344.0
47309,106097,73265,16035,50320,22945,5457,105,-1558.0
41873,73981,42760,8119,36806,5954,369,1,2533.0
42285,111427,86359,20699,48524,37835,14379,725,-3482.0
35745,104932,100837,31102,15062,85775,74808,19587,548.0
45473,109815,79931,18230,50482,29449,8851,273,-2641.0
36961,62599,34959,6450,31218,3741,163,1,2871.0
48342,103855,69505,14841,49964,19541,3927,76,-849.0
48641,97255,61741,12638,47654,14087,1947,9,489.0
35747,106974,98630,28123,28522,70108,49930,8665,-720.0
35615,106126,99435,29073,24432,75003,57262,11481,-149.0
46044,108510,77648,17480,50416,27232,7678,224,-2298.0
46581,108430,76845,17158,50742,26103,6946,163,-2162.0
48569,101269,66331,13924,49118,17213,3033,37,-293.0
13322,20581,10590,1815,10290,300,1,0,1516.0
45970,109396,78831,17845,50592,28239,8212,258,-2440.0
44256,110226,82000,19021,49874,32126,10478,364,-2991.0
48220,103681,69408,14819,49902,19506,3877,62,-872.0
37852,110003,93916,24558,40484,53432,29035,2954,-2793.0
30140,49134,26548,4758,24548,2000,38,0,2796.0
40992,111399,88605,21711,46944,41661,17511,1074,-3513.0
41121,110926,87796,21433,46994,40802,16938,1011,-3442.0
35866,104729,101054,31690,11968,89086,80793,22896,501.0
37745,109999,93930,24545,40590,53340,28819,2893,-2869.0
48729,98622,63221,13049,48148,15073,2326,23,279.0
35797,104896,100905,31280,14130,86775,76636,20615,526.0
46015,109089,78343,17678,50618,27725,7853,215,-2409.0
36697,108885,96038,25946,36400,59638,36085,4489,-2096.0
44444,110884,82594,19184,50084,32510,10716,420,-3030.0
46688,108341,76615,17079,50756,25859,6829,166,-2117.0
40755,111332,89056,21935,46502,42554,18328,1165,-3456.0
24936,39810,21119,3724,19894,1225,22,0,2521.0
48519,102704,68023,14406,49610,18413,3484,45,-568.0
36887,108975,95590,25709,36926,58664,35123,4375,-2207.0
9316,14224,7237,1227,7112,125,0,0,1102.0
42294,111177,86235,20700,48270,37965,14637,720,-3348.0
47982,104112,70126,15041,50006,20120,4100,66,-1045.0
47937,93721,58555,11841,46064,12491,1593,13,930.0
48276,104517,70363,15096,50150,20213,4217,74,-974.0
44911,110377,81215,18662,50458,30757,9461,279,-2913.0
44832,110102,81068,18654,50212,30856,9678,332,-2856.0
38562,110339,92747,23921,41968,50779,26403,2496,-2951.0
38748,66262,37300,6928,33032,4268,198,0,2858.0
42446,111050,85899,20580,48318,37581,14414,698,-3285.0
8602,13157,6706,1139,6578,128,1,0,1012.0
13330,20581,10584,1813,10290,294,1,0,1520.0
40299,110883,89202,22077,45942,43260,18999,1275,-3459.0
42045,73683,42306,7988,36684,5622,315,1,2680.0
48628,97122,61638,12619,47562,14076,1998,16,525.0
48729,103292,68460,14503,49902,18558,3488,39,-606.0
45634,84529,50677,9911,41888,8789,753,4,1871.0
47569,91150,56089,11204,44954,11135,1242,7,1304.0
48526,98244,62983,12998,47978,15005,2288,14,267.0
35606,105787,99688,29411,22910,76778,59967,12504,96.0
39117,110658,91402,23152,43892,47510,22874,1807,-3291.0
35639,106150,99599,29178,24130,75469,57890,11689,-90.0
35979,107820,97605,27163,32232,65373,43356,6545,-1399.0
45751,83942,50007,9737,41592,8415,758,1,2079.0
44742,81779,48536,9416,40576,7960,627,0,2083.0
21896,34676,18256,3196,17336,920,4,0,2280.0
18014,28219,14710,2552,14108,602,3,0,1953.0
36556,108749,96018,25966,36240,59778,36269,4598,-2141.0
43685,77299,44730,8501,38454,6276,391,1,2615.0
37642,109967,94140,24655,40350,53790,29267,2972,-2840.0
35911,104618,101225,32118,9742,91483,85134,25369,400.0
47810,92059,56892,11408,45336,11556,1387,4,1235.0
34686,58007,32038,5853,28958,3080,91,0,2864.0
48209,104203,70042,15005,50054,19988,4095,69,-957.0
43788,78690,46108,8855,39086,7022,518,0,2351.0
37687,109643,93714,24517,40326,53388,28991,2879,-2759.0
36485,108513,96344,26221,35362,60982,37789,4933,-1905.0
37677,109788,93840,24546,40404,53436,28980,2907,-2817.0
38521,110373,92285,23629,42796,49489,24781,2117,-3196.0
46115,85848,51689,10147,42496,9193,856,1,1809.0
38511,110329,92604,23820,42288,50316,25753,2291,-3034.0
48784,99258,63837,13204,48450,15387,2358,16,159.0
39806,68621,38871,7256,34206,4665,209,0,2800.0
33966,56557,31127,5670,28234,2893,89,0,2866.0
46480,108071,76446,17033,50694,25752,6683,142,-2178.0
35749,106958,98404,27995,28838,69566,49282,8511,-800.0
47493,104704,71363,15452,50014,21349,4676,79,-1300.0
46500,108351,76819,17157,50696,26123,6959,182,-2189.0
48095,105083,71134,15315,50378,20756,4327,55,-1169.0
35895,104636,101167,31964,10550,90617,83536,24421,462.0
48235,95860,60628,12380,46976,13652,1908,13,623.0
42965,111012,85002,20198,48816,36186,13380,635,-3243.0
40432,111136,89482,22169,45950,43532,19236,1264,-3391.0
43019,76614,44568,8508,38088,6480,438,1,2465.0
37443,109586,94660,25050,39020,55640,31546,3489,-2533.0
47533,91890,56931,11435,45252,11679,1386,3,1139.0
41273,111438,88194,21526,47232,40962,16974,1035,-3497.0
23914,38151,20221,3562,19070,1151,11,0,2422.0
12496,19300,9928,1701,9650,278,0,0,1423.0
48589,100673,65674,13746,48872,16802,2929,29,-156.0
44965,110670,81560,18774,50476,31084,9718,327,-2919.0
37208,109361,94921,25233,38444,56477,32473,3694,-2465.0
37574,109858,94476,24881,39666,54810,30526,3286,-2689.0
35611,105521,100087,29901,20768,79319,63985,14291,276.0
41466,111225,87618,21299,47442,40176,16341,904,-3440.0
37908,109840,93397,24332,40802,52595,28236,2840,-2867.0
46366,108782,77602,17426,50648,26954,7486,198,-2240.0
35935,104546,101345,32616,6994,94351,90558,28705,118.0
35933,107707,97510,27146,32144,65366,43419,6609,-1410.0
38530,110562,92797,23859,42440,50357,25682,2278,-3094.0
45627,109597,79451,18061,50536,28915,8525,251,-2580.0
36222,108039,97097,26819,33280,63817,41479,6020,-1539.0
28684,46424,24923,4441,23200,1723,24,0,2742.0
41312,111334,87998,21453,47278,40720,16778,988,-3477.0
45406,109421,79565,18143,50272,29293,8877,320,-2593.0
48473,104048,69581,14845,50092,19489,3864,59,-839.0
35585,105624,99926,29724,21508,78418,62608,13751,163.0
35661,106024,99675,29335,23340,76335,59344,12367,-23.0
47544,90561,55449,11028,44730,10719,1101,6,1404.0
40145,110917,89636,22279,45598,44038,19721,1377,-3415.0
46950,88778,54083,10716,43870,10213,1038,2,1539.0
48416,100027,65086,13591,48626,16460,2775,22,-116.0
36045,107891,97108,26857,33074,64034,41743,6161,-1595.0
47773,90999,55748,11096,44920,10828,1159,1,1426.0
48483,96011,60584,12352,47056,13528,1899,19,704.0
21884,34668,18261,3199,17328,933,12,0,2278.0
48269,102510,68080,14451,49454,18626,3602,39,-612.0
43699,110753,83539,19611,49412,34127,11929,539,-3126.0
41206,71885,41121,7740,35802,5319,281,0,2702.0
40484,70018,39780,7446,34884,4896,250,0,2800.0
41646,111126,87189,21128,47610,39579,15906,874,-3419.0
45352,109274,79399,18079,50324,29075,8626,232,-2602.0
27764,44806,23994,4266,22392,1602,22,0,2686.0
23060,36700,19413,3414,18342,1071,16,0,2359.0
47191,106993,74445,16388,50562,23883,5869,119,-1745.0
35825,107221,98313,27845,29556,68757,48109,8125,-928.0
34052,56712,31213,5685,28316,2897,80,0,2868.0
41235,111239,88079,21514,47074,41005,17091,1039,-3439.0
47801,105596,72086,15630,50392,21694,4812,87,-1339.0
39590,110824,90757,22829,44540,46217,21744,1662,-3306.0
48568,100100,65024,13562,48676,16348,2748,32,-70.0
46900,87974,53315,10527,43468,9847,1038,4,1714.0
48539,101362,66468,13965,49146,17322,3070,33,-320.0
48506,95950,60472,12313,47066,13406,1818,10,715.0
39299,110804,91213,23036,44210,47003,22384,1745,-3328.0
48699,99584,64293,13341,48540,15753,2504,25,67.0
48493,95811,60345,12283,46992,13353,1827,13,744.0
37883,109795,93670,24501,40334,53336,29127,3035,-2743.0
36126,107758,97331,27030,32482,64849,42794,6306,-1331.0
44454,110262,81708,18888,50088,31620,10086,342,-2988.0
6384,9676,4888,823,4838,50,0,0,773.0
35957,60527,33626,6176,30196,3430,135,1,2880.0
48362,95718,60397,12316,46898,13499,1922,14,725.0
47401,90619,55670,11106,44704,10966,1211,5,1346.0
48735,102574,67688,14297,49594,18094,3386,37,-448.0
36385,108358,96608,26449,34522,62086,39314,5491,-1814.0
11764,18116,9293,1588,9058,235,0,0,1353.0
42030,111139,86393,20765,48196,38197,14747,796,-3481.0
48112,103588,69382,14814,49880,19502,3828,48,-908.0
40180,69422,39404,7369,34594,4810,234,0,2793.0
35689,105628,100131,29930,20682,79449,64264,14483,262.0
37758,63759,35506,6533,31814,3692,131,0,2972.0
43485,110606,83594,19642,49336,34258,11934,487,-3169.0
48541,102154,67363,14215,49436,17927,3282,35,-465.0
48850,98874,63369,13074,48294,15075,2286,14,271.0
39850,110835,90107,22505,45184,44923,20467,1432,-3383.0
21404,33792,17747,3101,16888,859,16,0,2258.0
37547,109674,94258,24813,39638,54620,30398,3273,-2682.0
35594,105563,100186,29964,20588,79598,64387,14500,253.0
35791,104861,100904,31273,14170,86734,76521,20499,561.0
8580,13064,6629,1121,6532,97,0,0,1024.0
36177,107871,97109,26867,33016,64093,41839,6065,-1452.0
42550,75283,43554,8275,37458,6096,367,0,2546.0
35670,105348,100384,30338,18740,81644,67868,16194,368.0
19932,31374,16428,2862,15684,744,6,0,2124.0
35906,104589,101262,32211,9258,92004,86073,25912,368.0
35651,106203,99203,28904,24982,74221,56239,11175,-253.0
43890,78530,45852,8780,39024,6828,482,2,2432.0
45107,82929,49433,9623,41128,8305,673,3,1988.0
39758,110649,90024,22504,45024,45000,20601,1476,-3371.0
44473,109951,81362,18791,49978,31384,9995,309,-2907.0
47680,104818,71348,15439,50062,21286,4694,76,-1229.0
48270,101730,67208,14212,49144,18064,3442,54,-464.0
45261,109773,80141,18324,50338,29803,9097,313,-2695.0
35614,105989,99726,29367,23250,76476,59489,12396,-16.0
35715,107025,98718,28156,28500,70218,50025,8711,-748.0
46674,108077,76217,16942,50782,25435,6513,148,-2128.0
35606,106262,99203,28831,25420,73783,55422,10754,-284.0
47987,93207,57976,11685,45842,12134,1523,3,1071.0
48916,101074,65754,13726,49152,16602,2770,24,-130.0
48019,104981,71060,15294,50356,20704,4269,55,-1196.0
45590,83462,49636,9652,41360,8276,742,6,2112.0
47414,106638,73687,16121,50648,23039,5342,82,-1658.0
44211,79690,46798,9003,39578,7220,534,1,2316.0
36362,108462,96939,26601,34272,62667,39918,5614,-1762.0
35927,104564,101274,32362,8376,92898,87812,27001,275.0
42402,110952,85967,20644,48070,37897,14812,786,-3227.0
44282,80103,47165,9092,39778,7387,547,0,2252.0
44988,109884,80528,18455,50326,30202,9232,308,-2823.0
34854,58147,32060,5850,29020,3040,107,0,2917.0
35625,105591,100153,29936,20690,79463,64211,14433,251.0
35713,107035,98523,28040,28806,69717,49423,8585,-839.0
48868,97645,61962,12680,47844,14118,1957,14,505.0
45723,109343,78880,17844,50696,28184,7951,195,-2584.0
45094,109390,79762,18200,50324,29438,8742,238,-2734.0
48716,97930,62442,12830,47904,14538,2122,16,398.0
47976,94381,59236,12021,46346,12890,1689,10,810.0
45955,109275,78578,17744,50692,27886,7891,235,-2486.0
47154,107464,75028,16561,50690,24338,6084,150,-1843.0
48607,98679,63396,13107,48150,15246,2379,23,217.0
48047,105089,71228,15357,50314,20914,4461,75,-1171.0
41574,73139,42122,7973,36406,5716,327,0,2584.0
48500,103517,68923,14649,49952,18971,3613,34,-743.0
44840,110126,80991,18605,50352,30639,9422,288,-2900.0
35735,105136,100582,30690,17024,83558,71088,17729,491.0
43942,110020,82122,19098,49656,32466,10708,394,-3054.0
38807,110533,92276,23634,42748,49528,25037,2227,-3084.0
48098,105474,71660,15484,50416,21244,4642,82,-1200.0
41522,111147,87540,21291,47334,40206,16479,940,-3376.0
46214,109096,78134,17594,50704,27430,7688,194,-2342.0
43982,79183,46456,8930,39332,7124,519,0,2325.0
35576,106186,99317,28930,25054,74263,56078,10968,-223.0
48166,105217,71175,15312,50478,20697,4261,64,-1188.0
47046,108086,75882,16817,50862,25020,6362,134,-1975.0
44577,109754,80958,18652,50004,30954,9746,315,-2871.0
42465,110661,85372,20420,48224,37148,14213,729,-3244.0
48602,100179,65099,13583,48700,16399,2779,24,-61.0
45583,109852,79830,18186,50544,29286,8764,289,-2625.0
35617,106307,99316,28872,25400,73916,55507,10709,-246.0
45638,83872,50020,9747,41558,8462,756,2,2039.0
35926,104562,101290,32358,8432,92858,87698,26902,296.0
46732,87274,52674,10360,43188,9486,898,0,1772.0
46977,107250,74916,16532,50640,24276,5970,115,-1889.0
2316,3488,1751,293,1744,7,0,0,286.0
44988,110243,81052,18630,50324,30728,9595,330,-2833.0
42936,110684,84511,20024,48878,35633,12928,580,-3261.0
48306,93655,58141,11696,46106,12035,1443,8,1096.0
38260,110201,92746,23893,42134,50612,25933,2302,-3088.0
46145,108673,77638,17445,50606,27032,7461,209,-2335.0
44935,109442,80014,18299,50234,29780,8974,285,-2792.0
37041,109176,94963,25285,38216,56747,32744,3739,-2457.0
46339,86022,51674,10124,42604,9070,814,1,1867.0
45890,108771,78091,17616,50486,27605,7799,216,-2406.0
35976,107899,97403,27016,32710,64693,42479,6338,-1536.0
36395,108405,96468,26333,34938,61530,38529,5207,-1875.0
48032,105506,71769,15521,50412,21357,4682,72,-1226.0
38889,110628,92051,23483,43204,48847,24220,2027,-3171.0
48586,98179,62860,12962,47948,14912,2283,28,305.0
35868,107112,98303,27894,29242,69061,48628,8296,-835.0
41555,111568,87909,21377,47556,40353,16456,961,-3481.0
6992,10624,5380,908,5312,68,0,0,840.0
35933,107408,97944,27552,30576,67368,46256,7523,-1083.0
46822,88254,53675,10627,43588,10087,1078,2,1616.0
48354,94139,58651,11837,46280,12371,1579,16,1029.0
39619,68248,38659,7220,33998,4661,252,1,2810.0
43632,111103,84190,19840,49340,34850,12423,534,-3121.0
39295,110697,91070,22991,44194,46876,22309,1747,-3323.0
46772,108297,76490,17038,50752,25738,6793,166,-2073.0
45066,82562,49126,9556,40916,8210,730,2,2074.0
12160,18684,9564,1631,9342,222,0,0,1409.0
39953,110944,89933,22402,45454,44479,20036,1419,-3460.0
44634,110717,82213,19057,50084,32129,10549,404,-2927.0
44555,110081,81493,18840,49946,31547,10189,355,-2873.0
21354,33713,17700,3091,16854,846,5,0,2250.0
35592,106145,99339,29022,24546,74793,57053,11518,-236.0
48083,103939,69867,14966,49938,19929,4063,55,-955.0
35744,105027,100741,30931,15896,84845,73235,18794,527.0
47506,106563,73521,16072,50610,22911,5343,112,-1608.0
37134,62605,34815,6398,31242,3573,121,0,2946.0
48433,97534,62272,12808,47696,14576,2142,11,363.0
45770,109757,79386,18002,50760,28626,8237,216,-2603.0
47794,104186,70438,15155,49946,20492,4294,66,-1109.0
19486,30553,15941,2768,15274,667,5,0,2106.0
40346,111073,89420,22148,45952,43468,19169,1304,-3455.0
47946,91667,56338,11246,45200,11138,1267,4,1371.0
48672,96787,61222,12500,47444,13778,1899,14,607.0
45583,83088,49220,9536,41224,7996,640,1,2179.0
39497,110685,90763,22855,44396,46367,21893,1661,-3280.0
46721,108062,76189,16936,50762,25427,6538,135,-2088.0
47716,92843,57785,11647,45688,12097,1467,6,1011.0
48260,99833,65030,13593,48502,16528,2829,30,-136.0
45022,109751,80354,18406,50272,30082,9207,312,-2781.0
37233,109205,94607,25106,38578,56029,32049,3597,-2471.0
56,84,42,7,42,0,0,0,7.0
2860,4308,2163,362,2154,9,0,0,353.0
39194,67355,38059,7090,33578,4481,199,0,2808.0
41957,73675,42364,8008,36680,5684,315,1,2638.0
38908,110538,91808,23372,43384,48424,23770,1912,-3194.0
44272,110201,82028,19047,49774,32254,10653,394,-2948.0
35919,104561,101302,32414,8120,93182,88321,27307,246.0
47378,107623,74927,16494,50890,24037,5843,112,-1812.0
39755,110830,90291,22598,44994,45297,20842,1525,-3382.0
38958,110592,91735,23332,43478,48257,23636,1942,-3231.0
37774,64071,35816,6612,31960,3856,151,0,2907.0
48441,95097,59579,12071,46732,12847,1633,5,852.0
22794,36333,19244,3388,18160,1084,13,0,2317.0
35861,107190,98231,27815,29572,68659,48046,8115,-913.0
48036,93888,58626,11846,46176,12450,1536,4,928.0
48487,102555,67847,14350,49594,18253,3367,35,-571.0
35622,105783,99993,29698,21798,78195,62187,13556,134.0
21282,33595,17635,3079,16796,839,3,0,2243.0
36313,108268,96714,26499,34434,62280,39400,5359,-1740.0
41459,111002,87256,21169,47498,39758,16006,873,-3456.0
47430,107440,74657,16411,50848,23809,5744,110,-1764.0
40628,70428,40085,7514,35086,4999,256,0,2771.0
48115,102936,68654,14614,49624,19030,3688,53,-781.0
46088,109034,78182,17620,50644,27538,7746,212,-2384.0
35658,105320,100400,30324,18856,81544,67608,15974,414.0
44312,80878,47959,9299,40124,7835,630,0,2094.0
35827,104747,100979,31480,13078,87901,78591,21591,579.0
45540,109426,79386,18064,50388,28998,8650,280,-2564.0
23270,36743,19294,3370,18368,926,7,0,2451.0
39129,110560,91332,23137,43842,47490,22876,1759,-3236.0
45283,109192,79436,18114,50188,29248,8816,269,-2587.0
43827,111305,83977,19700,49754,34223,11797,475,-3201.0
40217,110942,89586,22261,45606,43980,19730,1411,-3400.0
49045,98055,62302,12770,47984,14318,2087,17,522.0
36355,108440,96363,26246,35250,61113,37940,5041,-1968.0
35884,107329,98189,27719,30064,68125,47201,7770,-975.0
45815,108960,78341,17686,50566,27775,7828,229,-2490.0
39976,69396,39540,7418,34572,4968,252,0,2702.0
36137,108150,97349,26905,33268,64081,41614,6007,-1569.0
45474,109688,79823,18207,50404,29419,8880,266,-2598.0
35801,104756,101000,31494,13036,87964,78684,21663,551.0
45597,108808,78496,17773,50354,28142,8100,219,-2488.0
43694,110971,83685,19622,49638,34047,11695,484,-3214.0
45683,109340,79121,17970,50422,28699,8496,273,-2506.0
13020,20102,10338,1771,10050,288,2,0,1485.0
33634,55749,30562,5548,27836,2726,77,0,2899.0
44231,110311,82171,19084,49838,32333,10635,379,-2993.0
47702,93393,58455,11843,45852,12603,1689,8,921.0
39233,110572,91153,23060,43946,47207,22680,1779,-3246.0
47769,106524,73177,15940,50714,22463,5096,91,-1518.0
47268,107228,74410,16320,50900,23510,5428,108,-1870.0
44478,79572,46442,8888,39556,6886,460,2,2460.0
48648,99902,64734,13477,48606,16128,2690,36,3.0
44866,110399,81450,18776,50244,31206,9911,340,-2859.0
46894,107723,75576,16736,50736,24840,6251,136,-1989.0
35643,106199,99445,29042,24638,74807,56923,11311,-153.0
35635,105768,99889,29622,22046,77843,61676,13321,134.0
40011,110767,89700,22331,45414,44286,19939,1371,-3387.0
43153,76621,44464,8471,38102,6362,417,1,2525.0
47316,107367,74749,16463,50720,24029,5927,126,-1765.0
47358,107566,74829,16456,50922,23907,5722,106,-1835.0
41915,73916,42655,8088,36782,5873,352,1,2566.0
37927,110181,93640,24359,41126,52514,27929,2747,-2973.0
39496,110810,90647,22749,44800,45847,21210,1528,-3416.0
48769,100646,65411,13644,48958,16453,2730,31,-110.0
48771,102221,67207,14150,49514,17693,3193,43,-393.0
46304,108706,77466,17368,50724,26742,7258,188,-2304.0
49045,101514,66106,13808,49364,16742,2786,23,-171.0
39941,110686,89920,22466,45044,44876,20598,1479,-3291.0
45709,109113,78684,17804,50544,28140,8025,213,-2524.0
31474,51727,28145,5075,25840,2305,47,0,2817.0
45740,109454,79167,17968,50526,28641,8402,244,-2515.0
35841,107314,98175,27709,30096,68079,47122,7759,-1007.0
38109,110067,93498,24341,40950,52548,28167,2761,-2801.0
44612,81451,48302,9365,40414,7888,623,2,2098.0
44257,79835,46913,9030,39646,7267,543,1,2305.0
45525,109756,79720,18143,50582,29138,8592,251,-2654.0
42514,111072,85811,20543,48364,37447,14344,730,-3290.0
25660,41180,21945,3885,20580,1365,20,0,2540.0
35632,106874,98704,28198,28220,70484,50434,8884,-736.0
36173,108037,96865,26671,33704,63161,40629,5809,-1670.0
48282,103310,68970,14698,49752,19218,3806,42,-756.0
45373,109734,79868,18204,50512,29356,8710,255,-2697.0
38804,110650,92023,23443,43388,48635,23874,1948,-3266.0
44536,110369,81728,18881,50170,31558,10029,338,-2986.0
38686,110422,91940,23459,43126,48814,24170,2070,-3255.0
35592,106033,99664,29299,23534,76130,58965,12210,-76.0
46062,109071,78133,17582,50774,27359,7523,204,-2458.0
47283,90221,55352,11032,44512,10840,1197,7,1382.0
21082,33219,17411,3036,16606,805,7,0,2238.0
48357,96811,61556,12621,47386,14170,2039,9,481.0
35929,104547,101297,32475,7744,93553,89059,27777,204.0
42914,110516,84336,19974,48828,35508,12860,566,-3240.0
46825,108507,76560,17025,50970,25590,6567,149,-2147.0
48830,100311,65029,13545,48788,16241,2735,36,3.0
26720,43002,22973,4076,21490,1483,22,0,2615.0
42894,111189,85306,20298,48824,36482,13541,644,-3287.0
39013,110443,91536,23285,43362,48174,23719,2009,-3179.0
41780,111069,87047,21100,47494,39553,16081,970,-3342.0
46804,108071,76112,16907,50782,25330,6507,146,-2062.0
48151,104294,70234,15071,50042,20192,4210,69,-980.0
35679,106600,99072,28618,26436,72636,53728,10177,-467.0
21374,33665,17639,3075,16828,811,9,0,2273.0
47481,106701,73709,16127,50656,23053,5389,101,-1638.0
48243,101056,66374,13958,49000,17374,3056,37,-397.0
48705,97290,61789,12663,47600,14189,2090,23,541.0
48376,102305,67677,14315,49464,18213,3377,46,-567.0
47541,106091,72770,15813,50662,22108,4767,65,-1593.0
45280,109209,79354,18066,50312,29042,8585,250,-2641.0
39464,110651,90675,22812,44478,46197,21695,1634,-3324.0
25822,41323,21968,3881,20650,1318,23,0,2586.0
44482,110272,81624,18847,50166,31458,9940,342,-3013.0
48161,99433,64631,13481,48376,16255,2681,29,-122.0
41563,110947,87151,21150,47402,39749,16143,927,-3383.0
41833,111209,87085,21084,47666,39419,15877,917,-3375.0
46192,108030,76786,17182,50480,26306,7070,180,-2234.0
45755,109181,78739,17823,50540,28199,8101,235,-2510.0
48251,94515,59183,11996,46390,12793,1735,15,923.0
35610,105878,99867,29511,22668,77199,60542,12766,88.0
40920,71210,40659,7642,35466,5193,278,0,2727.0
48021,92688,57340,11501,45674,11666,1340,3,1172.0
40665,110989,88828,21895,46286,42542,18417,1161,-3391.0
35916,107328,97878,27530,30576,67302,46176,7468,-1064.0
45206,109655,80005,18275,50360,29645,8935,284,-2719.0
35567,106717,98839,28346,27602,71237,51513,9279,-657.0
38940,66558,37436,6946,33196,4240,166,0,2872.0
48404,102323,67624,14286,49532,18092,3259,34,-581.0
48693,98778,63444,13117,48186,15258,2406,23,242.0
35787,104889,100911,31223,14484,86427,75921,20131,586.0
48303,101370,66738,14069,49062,17676,3246,37,-398.0
46557,108845,77408,17334,50812,26596,7221,173,-2214.0
39496,110855,90912,22891,44478,46434,21899,1694,-3338.0
47300,106712,73963,16231,50540,23423,5632,120,-1680.0
45104,81624,48076,9270,40532,7544,560,0,2286.0
48915,101378,66105,13825,49260,16845,2858,21,-183.0
47402,105900,72953,15941,50260,22693,5380,114,-1486.0
41206,111223,88075,21510,47090,40985,17043,1020,-3452.0
42493,110945,85511,20416,48526,36985,13893,681,-3357.0
47152,106469,73754,16168,50500,23254,5469,114,-1731.0
48217,105784,71837,15508,50626,21211,4532,67,-1238.0
42184,74088,42630,8066,36864,5766,360,0,2660.0
47752,92266,57136,11471,45446,11690,1374,4,1151.0
46693,107814,75922,16863,50666,25256,6482,151,-2062.0
48234,104740,70681,15193,50204,20477,4332,66,-1018.0
22226,35279,18615,3266,17634,981,11,0,2296.0
28272,45624,24430,4343,22802,1628,20,0,2735.0
42740,110705,84934,20214,48584,36350,13537,646,-3245.0
48529,102426,67656,14292,49560,18096,3306,35,-533.0
43176,111036,84575,19998,49162,35413,12712,580,-3283.0
46966,88355,53621,10593,43684,9937,987,4,1639.0
38662,110326,92012,23514,42940,49072,24446,2054,-3166.0
47872,104093,70325,15132,49858,20467,4377,70,-1028.0
36858,62013,34422,6315,30954,3468,105,0,2952.0
25624,41062,21855,3865,20520,1335,22,0,2552.0
45061,110245,80935,18578,50402,30533,9441,313,-2827.0
47586,90408,55335,11015,44580,10755,1248,10,1498.0
38866,66385,37326,6925,33102,4224,181,0,2882.0
35652,105660,100218,29936,20820,79398,64020,14284,274.0
3892,5884,2965,498,2942,23,0,0,475.0
41879,111096,86822,20976,47788,39034,15520,833,-3371.0
13180,20388,10503,1802,10194,309,0,0,1493.0
48656,101863,66893,14067,49384,17509,3095,34,-381.0
44463,110187,81536,18818,50164,31372,9859,311,-3006.0
35650,105755,100046,29756,21556,78490,62643,13724,185.0
35735,104875,100853,31153,14788,86065,75299,19827,560.0
41880,111177,86741,20905,48052,38689,15073,750,-3461.0
36678,62055,34616,6379,30958,3658,139,0,2860.0
34728,57696,31686,5760,28812,2874,72,0,2958.0
41699,111435,87634,21290,47528,40106,16379,955,-3392.0
48483,104872,70488,15092,50424,20064,4024,45,-993.0
7860,11976,6081,1029,5988,93,0,0,936.0
35933,104549,101331,32552,7350,93981,89849,28257,163.0
42379,111209,85847,20496,48718,37129,13773,619,-3479.0
41374,111364,88237,21582,46982,41255,17400,1062,-3335.0
42528,74994,43263,8199,37332,5931,330,0,2598.0
5380,8152,4117,693,4076,41,0,0,652.0
48386,97423,62158,12773,47678,14480,2067,12,348.0
16562,25747,13327,2297,12872,455,3,0,1845.0
39581,110966,90936,22879,44598,46338,21770,1639,-3328.0
48319,94962,59584,12093,46610,12974,1742,13,848.0
14170,21853,11226,1921,10926,300,1,0,1622.0
36440,108492,96590,26369,34966,61624,38560,5136,-1831.0
38388,65736,37033,6881,32780,4253,176,0,2804.0
35902,104609,101206,32100,9812,91394,84985,25292,399.0
40119,111304,90135,22435,45660,44475,19984,1429,-3485.0
45931,109338,78809,17841,50572,28237,8194,237,-2439.0
48122,105139,71231,15354,50338,20893,4463,64,-1140.0
48013,94928,59833,12188,46538,13295,1852,15,730.0
26818,43301,23200,4127,21638,1562,25,0,2590.0
44923,110010,80721,18509,50388,30333,9234,285,-2875.0
47217,90183,55415,11065,44440,10975,1303,9,1384.0
48030,105671,71877,15533,50556,21321,4559,68,-1297.0
44231,79624,46722,8984,39540,7182,544,1,2345.0
39340,110906,91377,23108,44106,47271,22694,1828,-3297.0
43920,111204,83727,19606,49818,33909,11568,428,-3163.0
24982,40019,21298,3767,19994,1304,31,0,2494.0
35887,107418,97912,27510,30764,67148,45890,7381,-1129.0
36688,108950,96008,25905,36586,59422,35778,4420,-2159.0
37976,110125,93254,24158,41560,51694,27005,2522,-3053.0
48473,96192,60758,12392,47164,13594,1864,15,647.0
46162,108812,77788,17484,50672,27116,7468,182,-2346.0
37272,109442,94847,25173,38656,56191,32130,3608,-2496.0
35928,104551,101309,32470,7798,93511,88955,27698,216.0
46909,107350,75112,16597,50642,24470,6066,119,-1926.0
46690,107342,75375,16704,50526,24849,6290,126,-1981.0
20478,32261,16905,2947,16128,777,5,0,2175.0
24730,39521,20982,3702,19752,1230,17,0,2489.0
48316,95382,60017,12204,46810,13207,1762,12,747.0
36145,108150,97139,26776,33622,63517,40906,5807,-1642.0
45142,109579,79976,18272,50320,29656,8939,288,-2733.0
42782,76471,44614,8537,38006,6608,459,0,2388.0
35621,105648,100068,29834,21132,78936,63384,14075,207.0
39277,110603,91067,23024,43990,47077,22623,1853,-3283.0
41995,110672,85964,20658,47980,37984,14712,757,-3371.0
45537,109312,79181,17985,50452,28729,8408,243,-2579.0
35852,107328,97955,27561,30544,67411,46240,7472,-1082.0
44857,81101,47740,9202,40268,7472,565,1,2294.0
48557,102800,68043,14396,49710,18333,3380,39,-596.0
36714,108738,95996,26011,35926,60070,36886,4866,-2039.0
41750,111199,87342,21208,47436,39906,16327,944,-3315.0
35861,104684,101074,31705,11918,89156,80848,22851,546.0
48919,99774,64330,13339,48626,15704,2522,21,136.0
44671,109248,80257,18445,49844,30413,9560,357,-2765.0
47445,106591,73610,16102,50608,23002,5375,113,-1638.0
11658,17869,9126,1553,8934,192,1,0,1362.0
38115,110153,93417,24263,41256,52161,27641,2627,-2884.0
35680,106737,98859,28387,27396,71463,51945,9454,-585.0
47764,106840,73576,16061,50786,22790,5268,100,-1561.0
47152,107067,74582,16434,50560,24022,5947,126,-1767.0
30182,49109,26493,4742,24534,1959,41,0,2824.0
48409,94473,58965,11916,46434,12531,1605,5,985.0
48625,102665,67896,14364,49608,18288,3449,33,-508.0
37880,110058,93830,24501,40654,53176,28750,2924,-2849.0
37284,109453,94968,25249,38442,56526,32569,3742,-2450.0
35886,104637,101122,31920,10724,90398,83189,24260,451.0
47381,89369,54346,10754,44168,10178,1033,5,1604.0
36098,107722,97522,27198,31856,65666,44010,6842,-1300.0
40739,110974,88600,21794,46436,42164,18102,1161,-3429.0
47315,88953,53989,10671,43952,10037,1049,3,1680.0
47787,91412,56167,11204,45110,11057,1192,1,1338.0
40362,69581,39426,7363,34674,4752,233,0,2844.0
12010,18425,9418,1604,9212,206,1,0,1399.0
37183,109252,95020,25318,38132,56888,32988,3785,-2367.0
38750,110589,92132,23529,43090,49042,24409,2132,-3236.0
45821,84793,50823,9941,42000,8823,793,1,1910.0
44040,109725,81819,19037,49416,32403,10893,430,-2903.0
13008,20106,10351,1775,10052,299,2,0,1478.0
38362,65285,36606,6777,32550,4056,185,0,2906.0
47172,105878,73085,15979,50296,22789,5286,76,-1600.0
38380,65136,36427,6727,32492,3935,152,0,2944.0
45518,110223,80298,18316,50700,29598,8823,264,-2723.0
40298,110875,89032,21971,46238,42794,18399,1092,-3516.0
20436,32072,16747,2910,16034,713,4,0,2201.0
45656,109132,78951,17936,50286,28665,8560,292,-2461.0
41459,111447,87729,21291,47712,40017,16023,847,-3550.0
36800,62184,34654,6381,31022,3632,140,0,2889.0
46104,108660,77724,17483,50550,27174,7560,184,-2315.0
47863,106508,73072,15904,50720,22352,5068,97,-1477.0
45501,109611,79638,18137,50454,29184,8703,265,-2609.0
45208,82168,48576,9397,40770,7806,628,0,2219.0
41442,111062,87537,21303,47256,40281,16550,958,-3386.0
44883,109801,80559,18473,50280,30279,9241,267,-2832.0
44798,81091,47768,9211,40270,7498,551,0,2264.0
48681,102129,67126,14120,49532,17594,3065,33,-442.0
42916,110864,84961,20212,48650,36311,13564,664,-3199.0
42158,111225,86363,20736,48310,38053,14605,728,-3440.0
42735,111023,85522,20442,48392,37130,14239,759,-3208.0
46260,108168,76886,17206,50536,26350,7096,180,-2228.0
47677,105492,72101,15648,50314,21787,4864,87,-1362.0
45719,109141,78804,17862,50436,28368,8269,243,-2480.0
35648,105881,99768,29468,22728,77040,60425,12786,67.0
6428,9732,4911,826,4866,45,0,0,781.0
48212,104949,70850,15222,50368,20482,4213,62,-1109.0
44321,110869,82651,19200,50102,32549,10665,413,-3097.0
41383,111101,87586,21311,47306,40280,16489,963,-3443.0
41916,110968,86494,20848,47900,38594,15168,828,-3406.0
42684,111031,85392,20365,48594,36798,13843,730,-3320.0
48076,96156,61092,12518,47076,14016,2004,12,494.0
38383,110294,92513,23756,42490,50023,25314,2201,-3154.0
44578,110770,82337,19099,50080,32257,10610,406,-2954.0
48352,106022,72001,15549,50708,21293,4606,80,-1218.0
48621,98831,63554,13149,48214,15340,2403,17,195.0
36222,60969,33869,6220,30418,3451,133,0,2902.0
40043,110831,89544,22225,45738,43806,19355,1243,-3469.0
48021,104473,70531,15158,50114,20417,4245,65,-1079.0
42501,110855,85418,20398,48448,36970,13959,721,-3334.0
37582,64035,35924,6651,31942,3982,151,0,2820.0
47100,107641,75157,16568,50906,24251,5829,98,-1952.0
47791,106060,72774,15858,50400,22374,5260,97,-1353.0
44451,80010,46942,9025,39734,7208,542,1,2358.0
46317,108518,77267,17316,50638,26629,7242,179,-2250.0
47972,93386,58170,11736,45924,12246,1538,8,1020.0
39395,110499,90586,22805,44342,46244,21815,1699,-3323.0
45664,83673,49782,9681,41478,8304,717,2,2092.0
35600,106213,99536,29104,24448,75088,57317,11514,-181.0
48060,93790,58490,11806,46144,12346,1502,8,954.0
40865,111043,88594,21793,46430,42164,18183,1189,-3377.0
45150,110054,80578,18457,50414,30164,9226,302,-2783.0
43436,110583,83681,19690,49222,34459,12139,526,-3156.0
45542,109985,80099,18283,50500,29599,8985,296,-2627.0
46527,108287,76662,17095,50754,25908,6779,159,-2193.0
35906,107973,97350,26905,33270,64080,41433,5880,-1622.0
48253,103240,68870,14663,49762,19108,3716,51,-780.0
36071,107911,97345,26989,32756,64589,42399,6283,-1484.0
46061,109443,78660,17753,50802,27858,7839,209,-2475.0
35875,104616,101162,31976,10468,90694,83680,24517,445.0
38349,110050,92744,23961,41722,51022,26606,2463,-2918.0
48156,93233,57819,11622,45906,11913,1421,10,1120.0
46266,108104,76882,17223,50426,26456,7252,198,-2179.0
45211,110180,80738,18512,50404,30334,9372,293,-2743.0
48401,104438,70095,14994,50226,19869,3986,47,-936.0
26182,42217,22591,4014,21098,1493,21,0,2542.0
36829,109092,95645,25669,37276,58369,34540,4127,-2287.0
48000,105508,71779,15522,50426,21353,4656,76,-1251.0
14586,22617,11678,2008,11308,370,1,0,1639.0
23196,36786,19392,3399,18390,1002,6,0,2403.0
48534,96875,61460,12580,47440,14020,1995,16,539.0
44956,81619,48204,9317,40506,7698,607,2,2224.0
48482,102184,67458,14249,49422,18036,3340,46,-493.0
41404,72446,41542,7835,36074,5468,298,0,2665.0
36870,109032,95370,25546,37464,57906,34104,4082,-2338.0
40591,111060,89261,22103,45904,43357,19252,1309,-3311.0
36718,108910,96250,26097,35918,60332,37074,4878,-2039.0
35682,107041,98686,28155,28442,70244,50157,8896,-828.0
46541,108379,76848,17170,50676,26172,7027,185,-2160.0
35930,107780,97836,27316,31776,66060,44228,6814,-1330.0
38803,110590,92222,23570,43024,49198,24542,2049,-3135.0
38596,65756,36895,6833,32792,4103,172,0,2902.0
48590,97239,61807,12670,47594,14213,2051,20,488.0
47578,105493,72151,15661,50336,21815,4821,92,-1425.0
10692,16424,8405,1433,8212,193,0,0,1240.0
35784,107103,98631,28112,28590,70041,49923,8794,-800.0
21442,33897,17822,3117,16942,880,13,0,2250.0
33618,55993,30826,5617,27950,2876,93,0,2834.0
35929,104554,101324,32507,7606,93718,89342,27939,192.0
39783,110723,90061,22503,45104,44957,20515,1443,-3382.0
44147,110730,82837,19310,49814,33023,11102,445,-3056.0
39770,110959,90520,22686,44924,45596,21111,1556,-3355.0
42360,110871,85638,20483,48378,37260,14115,694,-3356.0
24992,39876,21136,3723,19934,1202,8,0,2529.0
12904,19880,10202,1744,9940,262,0,0,1482.0
46003,109373,78661,17761,50756,27905,7861,187,-2470.0
47902,91718,56424,11271,45222,11202,1274,6,1337.0
31064,50874,27595,4962,25418,2177,38,0,2823.0
48792,101947,66922,14077,49382,17540,3183,30,-310.0
36804,108852,95766,25830,36552,59214,35748,4476,-2112.0
31804,52142,28318,5099,26042,2276,58,0,2881.0
41592,111329,87334,21140,47828,39506,15673,850,-3543.0
27460,44328,23745,4223,22152,1593,24,0,2654.0
46390,86272,51954,10208,42660,9294,952,2,1864.0
42080,74032,42630,8067,36858,5772,316,0,2611.0
36108,107790,97580,27191,32014,65566,43762,6680,-1293.0
48756,100997,65800,13748,49112,16688,2773,22,-189.0
15542,24145,12489,2151,12072,417,1,0,1735.0
35937,104547,101341,32631,6896,94445,90755,28841,100.0
33098,54553,29758,5378,27248,2510,57,0,2925.0
48834,101574,66450,13940,49260,17190,3054,34,-230.0
48577,104730,70302,15049,50310,19992,4110,67,-900.0
47932,93341,58126,11720,45932,12194,1477,6,997.0
45883,109382,78817,17827,50672,28145,8038,229,-2509.0
1956,2936,1469,245,1468,1,0,0,244.0
35767,107102,98422,27951,29138,69284,48826,8357,-864.0
42077,110998,86191,20691,48236,37955,14526,683,-3421.0
44273,79459,46505,8922,39478,7027,503,1,2397.0
40824,111249,88743,21803,46668,42075,17913,1126,-3485.0
38297,110217,93001,24043,41744,51257,26729,2477,-2962.0
46412,109063,77758,17437,50894,26864,7275,178,-2330.0
48321,98733,63717,13218,48126,15591,2481,21,87.0
44327,110275,82041,19043,49824,32217,10627,403,-2950.0
41462,110474,86541,20939,47448,39093,15578,834,-3410.0
4448,6728,3392,570,3364,28,0,0,542.0
46729,108135,76217,16932,50842,25375,6451,129,-2121.0
48840,100536,65247,13598,48906,16341,2724,28,-47.0
41420,111163,87681,21346,47286,40395,16591,950,-3408.0
45070,83065,49644,9690,41148,8496,769,4,1959.0
43369,111120,84303,19857,49464,34839,12192,515,-3305.0
45269,109737,80039,18275,50428,29611,8881,249,-2704.0
39157,110626,91445,23192,43738,47707,23150,1851,-3216.0
27876,44872,23973,4253,22428,1545,16,0,2724.0
48348,97881,62720,12935,47830,14890,2221,14,252.0
35874,104691,101102,31774,11560,89542,81571,23292,511.0
46651,107630,75752,16815,50614,25138,6402,121,-2042.0
11844,18196,9313,1588,9098,215,0,0,1373.0
46512,107977,76345,17009,50636,25709,6705,134,-2129.0
41155,110864,87694,21404,46964,40730,16936,1029,-3419.0
46690,107984,76259,16992,50566,25693,6852,178,-2027.0
13432,20750,10677,1830,10374,303,2,0,1529.0
47030,88426,53681,10613,43684,9997,1058,2,1672.0
44640,80779,47577,9174,40110,7467,559,2,2264.0
39857,110832,90195,22563,45012,45183,20808,1531,-3343.0
48594,98126,62808,12949,47922,14886,2282,18,327.0
35665,105483,100282,30095,19994,80288,65495,14933,369.0
48827,101607,66454,13932,49316,17138,2975,27,-258.0
47913,104388,70568,15184,50032,20536,4324,63,-1091.0
43755,110346,82853,19364,49522,33331,11302,437,-3102.0
47131,108021,75667,16738,50906,24761,6209,147,-1961.0
48242,99574,64756,13518,48404,16352,2766,26,-94.0
46902,88294,53633,10606,43630,10003,1034,2,1635.0
48583,102407,67601,14276,49546,18055,3315,35,-499.0
46266,84522,50156,9731,41926,8230,670,2,2169.0
46049,108673,77786,17507,50530,27256,7613,209,-2345.0
32728,54312,29806,5416,27116,2690,80,0,2806.0
47924,92547,57298,11504,45572,11726,1403,10,1171.0
45100,110215,80817,18530,50454,30363,9307,302,-2828.0
48313,95248,59896,12176,46736,13160,1776,7,785.0
36902,109129,95477,25583,37456,58021,34217,4112,-2333.0
35945,107530,97869,27446,31062,66807,45406,7207,-1162.0
42762,75737,43862,8342,37672,6190,393,0,2545.0
42684,111264,85636,20419,48758,36878,13748,652,-3363.0
36961,109221,95524,25594,37484,58040,34253,4137,-2330.0
47714,92020,56897,11408,45346,11551,1328,2,1183.0
47854,105869,72325,15685,50540,21785,4789,64,-1375.0
45955,108957,78162,17616,50628,27534,7701,239,-2456.0
47701,91278,56110,11199,45026,11084,1226,7,1334.0
47863,106179,72691,15793,50624,22067,4931,75,-1418.0
36309,108176,96935,26697,33688,63247,40800,5879,-1629.0
18462,28871,15026,2603,14434,592,3,0,2014.0
48021,105317,71478,15420,50436,21042,4445,61,-1238.0
14062,21749,11203,1922,10874,329,1,0,1594.0
47825,104943,71287,15393,50216,21071,4511,57,-1224.0
44447,80750,47683,9210,40106,7577,538,1,2170.0
47994,106267,72702,15795,50634,22068,4999,92,-1366.0
38932,110364,91601,23335,43192,48409,23980,2072,-3166.0
36106,108047,97559,27098,32530,65029,42987,6536,-1480.0
38042,65039,36597,6794,32430,4167,179,0,2806.0
38111,110022,93162,24193,41166,51996,27690,2829,-2942.0
45081,82873,49422,9628,41076,8346,721,1,2002.0
44969,82429,49040,9534,40876,8164,677,1,2046.0
39681,110710,90244,22583,44990,45254,20730,1427,-3368.0
48172,105124,71122,15311,50378,20744,4368,76,-1141.0
35697,105253,100581,30574,17718,82863,69817,17077,451.0
47101,107629,75152,16571,50878,24274,5873,117,-1947.0
48090,105820,72036,15584,50568,21468,4684,78,-1278.0
43971,110763,83072,19398,49756,33316,11251,451,-3118.0
48412,94729,59233,11987,46544,12689,1641,10,929.0
20500,32372,17001,2970,16182,819,8,0,2159.0
47353,106831,73990,16220,50660,23330,5511,109,-1708.0
35721,105127,100629,30719,16944,83685,71239,17769,504.0
48704,103033,68200,14435,49790,18410,3453,42,-564.0
25432,40722,21661,3829,20348,1313,26,0,2542.0
45016,109354,79882,18270,50144,29738,9066,324,-2726.0
44149,110702,82756,19277,49850,32906,11002,447,-3074.0
46908,106550,74138,16310,50416,23722,5718,120,-1814.0
35662,106706,98826,28349,27558,71268,51590,9238,-567.0
48225,101328,66767,14084,49030,17737,3268,35,-420.0
46549,107895,76153,16943,50648,25505,6599,173,-2136.0
45739,108817,78333,17706,50430,27903,7957,211,-2451.0
43868,110798,83219,19447,49756,33463,11286,428,-3158.0
46358,85260,50854,9907,42266,8588,728,2,2045.0
31638,52241,28543,5166,26090,2453,61,0,2774.0
47615,91414,56336,11267,45070,11266,1274,5,1270.0
37924,110112,93443,24264,41302,52141,27508,2640,-3009.0
45673,109765,79553,18075,50656,28897,8453,245,-2614.0
45134,81776,48232,9314,40580,7652,616,2,2276.0
42985,76033,43984,8357,37826,6158,381,1,2579.0
45984,84126,49957,9695,41744,8213,638,0,2120.0
44957,109764,80540,18487,50158,30382,9448,307,-2754.0
39346,110876,91237,23036,44258,46979,22360,1746,-3329.0
36515,108522,96084,26058,35820,60264,36882,4657,-1981.0
8672,13232,6728,1140,6616,112,0,0,1028.0
24162,38537,20426,3599,19258,1168,21,0,2452.0
48435,101187,66360,13942,49068,17292,3051,35,-334.0
31788,52414,28616,5178,26164,2452,86,0,2812.0
35703,105082,100664,30741,16882,83782,71318,17733,544.0
47594,107690,74828,16455,50926,23902,5838,114,-1723.0
43684,77974,45438,8686,38760,6678,454,0,2462.0
27440,44328,23760,4228,22152,1608,24,0,2644.0
46036,108740,77704,17443,50750,26954,7240,172,-2443.0
48563,97775,62418,12838,47808,14610,2159,19,368.0
48363,103199,68707,14606,49778,18929,3643,55,-735.0
46975,89145,54464,10818,44020,10444,1105,3,1476.0
36746,108875,95469,25640,37098,58371,34679,4248,-2300.0
44108,79219,46408,8913,39338,7070,543,2,2384.0
41325,71947,41088,7723,35838,5250,271,1,2743.0
35906,107512,97847,27434,31090,66757,45332,7202,-1193.0
42980,76006,43970,8356,37804,6166,398,0,2588.0
43788,110635,83177,19460,49594,33583,11447,454,-3130.0
35635,105439,100266,30113,19854,80412,65731,15083,349.0
43407,76876,44526,8470,38232,6294,412,1,2587.0
47221,106083,73269,16028,50370,22899,5343,93,-1621.0
40959,71142,40545,7607,35448,5097,246,1,2755.0
36086,107670,97389,27135,31968,65421,43734,6778,-1330.0
41182,110956,87975,21533,46752,41223,17452,1094,-3332.0
31770,52307,28507,5148,26126,2381,55,0,2822.0
44237,79661,46771,9000,39542,7229,577,1,2347.0
46844,107854,75840,16831,50694,25146,6466,152,-2001.0
39177,110648,91114,23005,44198,46916,22252,1703,-3362.0
44091,109942,81807,18976,49758,32049,10426,373,-3020.0
44822,110256,81257,18711,50248,31009,9760,350,-2888.0
46261,108603,77435,17374,50626,26809,7351,197,-2281.0
46431,108181,76672,17117,50642,26030,6897,179,-2195.0
46875,108693,76707,17060,51054,25653,6585,163,-2171.0
48480,103243,68664,14587,49806,18858,3631,46,-686.0
42002,73905,42584,8066,36772,5812,361,0,2615.0
45501,110122,80296,18343,50534,29762,9054,303,-2668.0
44820,110499,81626,18832,50260,31366,9979,330,-2885.0
46234,108529,77337,17338,50646,26691,7237,180,-2296.0
42660,111237,85726,20473,48614,37112,14009,694,-3324.0
7354,11169,5654,954,5584,70,1,0,885.0
48117,93442,58102,11706,45968,12134,1506,7,1071.0
47501,92782,57943,11715,45596,12347,1590,11,947.0
46704,107367,75380,16704,50536,24844,6295,142,-1987.0
47258,108004,75533,16689,50932,24601,6140,130,-1902.0
48619,101880,66898,14060,49436,17462,3008,29,-423.0
40180,110909,89604,22254,45684,43920,19541,1254,-3379.0
38880,110583,91802,23364,43420,48382,23743,1990,-3265.0
35731,105188,100513,30546,17750,82763,69688,16961,510.0
35667,105367,100389,30304,18954,81435,67459,15943,385.0
42732,75510,43650,8289,37566,6084,378,0,2583.0
44558,110709,82225,19051,50144,32081,10421,368,-2977.0
35780,107159,98351,27880,29422,68929,48315,8174,-908.0
37572,109603,93881,24602,40150,53731,29303,2926,-2752.0
45540,82771,48912,9456,41088,7824,595,2,2225.0
48093,93664,58379,11786,46042,12337,1580,7,1022.0
35916,104555,101273,32301,8740,92533,87075,26510,333.0
38471,110407,92767,23879,42260,50507,25887,2307,-3048.0
48178,94318,59004,11946,46332,12672,1654,10,918.0
760,1140,570,95,570,0,0,0,95.0
48139,102727,68368,14525,49586,18782,3555,43,-745.0
40201,111098,89862,22356,45588,44274,19922,1395,-3391.0
43855,78772,46126,8852,39140,6986,492,1,2357.0
35561,105593,99966,29764,21348,78618,62897,13873,170.0
40360,70028,39878,7477,34894,4984,240,0,2733.0
5992,9124,4630,783,4562,68,0,0,715.0
6168,9360,4734,798,4680,54,0,0,744.0
48483,104188,69792,14918,50076,19716,4036,69,-831.0
35694,105416,100345,30261,19124,81221,67168,15846,362.0
36103,107806,97447,27073,32456,64991,42894,6305,-1329.0
48146,104361,70240,15054,50156,20084,4049,48,-1029.0
35625,105544,100136,29972,20440,79696,64664,14695,245.0
39628,110773,90625,22777,44588,46037,21597,1634,-3297.0
25278,40353,21401,3772,20170,1231,13,0,2554.0
41142,110862,87660,21381,47034,40626,16794,990,-3441.0
27114,43557,23234,4117,21766,1468,25,0,2674.0
46008,109316,78674,17786,50632,28042,8052,216,-2420.0
41016,110999,88127,21567,46852,41275,17295,1010,-3423.0
39510,68243,38722,7239,34010,4712,223,0,2750.0
38376,65408,36712,6801,32618,4094,172,0,2879.0
45461,109883,80025,18261,50484,29541,8915,293,-2658.0
48155,94198,58874,11908,46300,12574,1598,9,923.0
41906,111553,87354,21131,47922,39432,15709,832,-3424.0
36852,108975,95201,25446,37726,57475,33523,3862,-2368.0
48438,98217,63081,13044,47898,15183,2421,24,258.0
36231,108220,96890,26623,34042,62848,40136,5633,-1722.0
34408,57504,31758,5804,28692,3066,120,0,2858.0
44514,79831,46699,8956,39662,7037,507,0,2426.0
40089,110670,89446,22237,45470,43976,19730,1363,-3372.0
28996,46894,25162,4482,23432,1730,30,0,2782.0
47892,92628,57397,11529,45620,11777,1388,8,1132.0
45520,109242,79071,17946,50466,28605,8310,248,-2597.0
47603,106380,73180,15957,50618,22562,5144,93,-1554.0
48396,104442,70098,14994,50232,19866,3978,48,-942.0
38910,110395,91656,23346,43236,48420,23923,2024,-3175.0
40320,110975,89350,22131,45914,43436,19147,1278,-3436.0
48390,103558,69148,14740,49856,19292,3846,54,-760.0
48258,105513,71416,15369,50618,20798,4277,56,-1208.0
48095,101932,67523,14296,49270,18253,3392,45,-610.0
42279,110706,85600,20495,48230,37370,14246,693,-3322.0
48265,101462,66892,14117,49082,17810,3298,27,-422.0
40436,110823,88887,21943,46116,42771,18591,1206,-3443.0
44915,82031,48664,9439,40694,7970,643,3,2109.0
24106,38315,20243,3556,19150,1093,15,0,2478.0
41518,111094,87252,21149,47610,39642,15874,854,-3473.0
36500,108459,96214,26177,35366,60848,37727,4978,-1922.0
35603,105821,99787,29489,22640,77147,60541,12803,80.0
35923,104556,101281,32367,8360,92921,87836,27001,281.0
47049,106695,74202,16323,50466,23736,5763,117,-1767.0
48850,99356,63928,13234,48452,15476,2452,22,188.0
44119,110933,83080,19377,49898,33182,11137,443,-3111.0
34012,56598,31128,5666,28260,2868,78,0,2876.0
16368,25482,13207,2279,12740,467,2,0,1814.0
35971,107692,97585,27201,31964,65621,43764,6681,-1337.0
35849,104790,101005,31530,12830,88175,79130,21951,534.0
39854,110655,90022,22523,44906,45116,20843,1552,-3302.0
48446,99552,64460,13400,48520,15940,2512,18,-46.0
41628,72574,41490,7805,36150,5340,274,0,2739.0
36849,108909,95779,25838,36530,59249,35849,4557,-2119.0
36493,108459,96662,26470,34504,62158,39451,5537,-1774.0
39990,68831,38956,7269,34298,4658,235,0,2846.0
47698,105534,72154,15667,50306,21848,4922,90,-1349.0
23526,37285,19645,3442,18638,1007,9,0,2444.0
43461,110933,84179,19861,49192,34987,12549,577,-3154.0
34404,57288,31533,5745,28596,2937,96,0,2904.0
24412,38886,20584,3622,19436,1148,14,0,2488.0
48356,96010,60706,12397,47030,13676,1950,16,655.0
35706,105028,100630,30796,16484,84146,72060,18198,512.0
45308,109992,80357,18378,50446,29911,9100,272,-2705.0
36797,108925,95806,25823,36674,59132,35577,4413,-2145.0
48171,103198,68903,14679,49732,19171,3734,45,-803.0
40415,110804,88995,22001,45984,43011,18836,1221,-3395.0
10044,15384,7851,1335,7692,159,0,0,1176.0
30600,50070,27137,4876,25018,2119,34,0,2791.0
47028,89890,55255,11035,44300,10955,1290,12,1358.0
38889,110675,91966,23427,43370,48596,23935,2013,-3247.0
43049,111069,84975,20183,48852,36123,13365,653,-3228.0
48199,95371,60141,12255,46752,13389,1867,19,714.0
42512,75260,43588,8293,37418,6170,424,0,2547.0
5436,8240,4163,701,4120,43,0,0,658.0
48880,100688,65330,13606,49024,16306,2640,24,-84.0
37185,109242,94753,25176,38450,56303,32342,3695,-2480.0
48215,103997,69844,14956,49952,19892,4093,51,-894.0
44620,80621,47437,9141,40028,7409,565,2,2295.0
44132,110274,82281,19140,49722,32559,10830,412,-3001.0
46713,87657,53090,10470,43360,9730,937,1,1676.0
41835,111525,87394,21157,47846,39548,15833,895,-3453.0
36140,107838,97218,26967,32634,64584,42570,6400,-1447.0
47880,92821,57618,11589,45702,11916,1417,2,1088.0
8524,13040,6647,1129,6520,127,0,0,1002.0
35911,104582,101251,32202,9290,91961,86002,25865,378.0
35694,106616,99030,28543,26802,72228,53012,9762,-435.0
48164,95064,59763,12137,46704,13059,1656,8,726.0
35880,104655,101118,31878,10968,90150,82719,23982,465.0
39371,110695,91119,23041,43992,47127,22711,1871,-3246.0
47928,93277,58095,11720,45870,12225,1537,6,1026.0
38730,66013,37046,6861,32926,4120,161,0,2902.0
30858,50481,27364,4919,25214,2150,53,0,2822.0
42711,111085,85513,20408,48578,36935,13929,671,-3269.0
41553,110995,87266,21193,47374,39892,16247,917,-3369.0
35990,107702,97847,27385,31384,66463,44934,7106,-1250.0
42472,74898,43225,8197,37268,5957,362,0,2602.0
7344,11168,5660,956,5584,76,0,0,880.0
46425,86063,51671,10123,42604,9067,855,1,1910.0
45431,83490,49785,9699,41376,8409,738,1,2027.0
43410,110795,84003,19793,49248,34755,12299,512,-3175.0
46245,108289,76971,17213,50664,26307,6961,153,-2286.0
41187,111201,88090,21516,47084,41006,17033,983,-3440.0
48542,104845,70451,15091,50356,20095,4133,72,-943.0
37402,109547,94429,24940,39218,55211,31111,3496,-2656.0
47451,91240,56296,11270,44972,11324,1296,5,1237.0
40520,111214,89545,22198,45902,43643,19410,1312,-3347.0
35998,107635,97720,27345,31370,66350,44895,7152,-1262.0
45210,109766,80159,18326,50362,29797,9042,294,-2723.0
40768,70636,40192,7533,35186,5006,264,0,2791.0
47636,105742,72352,15706,50468,21884,4806,88,-1460.0
48322,94225,58745,11857,46348,12397,1529,4,985.0
47701,105281,71809,15556,50282,21527,4717,73,-1327.0
39021,110491,91347,23159,43740,47607,23011,1845,-3282.0
44746,110536,81740,18873,50242,31498,10052,350,-2923.0
32002,52585,28608,5158,26268,2340,49,0,2867.0
37299,109471,95077,25322,38222,56855,33027,3911,-2417.0
37043,109081,95177,25451,37648,57529,33785,4019,-2312.0
48559,101834,66962,14098,49336,17626,3162,45,-411.0
39160,66830,37549,6962,33326,4223,178,0,2917.0
47250,106694,73974,16234,50544,23430,5606,114,-1704.0
47910,105454,71767,15518,50426,21341,4602,74,-1295.0
48321,101212,66530,14007,49018,17512,3176,39,-368.0
44047,110582,82819,19322,49706,33113,11170,417,-3038.0
42214,111117,86226,20703,48234,37992,14649,740,-3380.0
41460,111069,87533,21301,47260,40273,16549,954,-3377.0
47148,89707,54906,10920,44292,10614,1123,2,1427.0
35635,106659,98889,28417,27276,71613,52107,9463,-552.0
48236,100914,66265,13938,48902,17363,3110,36,-351.0
40257,110908,89486,22215,45682,43804,19544,1335,-3380.0
42160,111163,86303,20723,48268,38035,14627,738,-3423.0
37686,109745,94335,24853,39552,54783,30641,3288,-2577.0
35587,106213,99415,28988,24902,74513,56409,11083,-199.0
46804,87882,53271,10516,43446,9825,990,4,1677.0
43563,110618,83597,19653,49276,34321,12066,509,-3111.0
41148,111090,87985,21490,47030,40955,17030,1012,-3447.0
47975,92598,57282,11489,45630,11652,1338,5,1170.0
46619,108529,77042,17244,50620,26422,7289,223,-2112.0
36134,107903,97210,26915,32930,64280,42043,6152,-1474.0
44783,110471,81615,18836,50214,31401,10043,387,-2909.0
48759,95857,60140,12202,47068,13072,1721,11,840.0
35697,105135,100620,30705,17010,83610,71115,17733,477.0
48356,100931,66187,13909,48920,17267,3091,30,-297.0
45942,85046,50977,9970,42134,8843,778,2,1903.0
48465,104616,70286,15056,50236,20050,4144,71,-921.0
46687,88143,53635,10618,43562,10073,1019,3,1561.0
43706,110676,83437,19577,49412,34025,11852,514,-3110.0
35627,105786,99891,29623,22044,77847,61698,13365,109.0
40142,111106,90059,22464,45334,44725,20438,1546,-3369.0
13722,21207,10917,1872,10602,315,3,0,1560.0
43224,110432,83836,19781,48986,34850,12460,544,-3153.0
