N0,N1,N2,Volume,Enclosing_surface,Contact_surface,TETRAVOXEL,OCTOVOXEL,MISC_Async
6298,12290,7681,1556,6026,1655,238,6,133.0
5503,14499,11322,2739,6210,5112,2079,119,-413.0
3958,6457,3491,626,3226,265,5,0,366.0
4918,13894,12978,3953,2238,10740,9418,2582,49.0
5887,14047,10191,2324,6438,3753,1171,35,-293.0
1400,2148,1098,187,1074,24,0,0,163.0
6115,11306,6782,1329,5590,1192,126,1,262.0
4908,14009,12720,3644,3576,9144,6857,1382,-25.0
4861,13927,12859,3777,3056,9803,7815,1773,16.0
6283,14056,9692,2119,6670,3022,716,13,-200.0
5389,14317,11282,2753,6046,5236,2225,141,-399.0
5764,10548,6267,1217,5232,1035,84,0,266.0
4892,14076,12515,3463,4252,8263,5572,904,-132.0
6196,13814,9495,2070,6570,2925,674,12,-193.0
4895,13898,12959,3898,2530,10429,8838,2249,58.0
5288,14447,11758,2963,5738,6020,2971,278,-364.0
2384,3712,1924,332,1856,68,0,0,264.0
3638,5923,3196,572,2960,236,3,0,339.0
1678,2573,1315,224,1286,29,1,0,196.0
6112,11528,7006,1385,5702,1304,124,0,205.0
6165,14046,9824,2173,6610,3214,826,15,-230.0
6197,12619,8116,1678,6164,1952,291,1,16.0
6143,12038,7537,1527,5912,1625,214,1,115.0
5675,14472,10973,2585,6436,4537,1600,57,-409.0
6191,12309,7801,1598,6014,1787,281,7,85.0
5586,10101,5950,1148,5012,938,77,0,287.0
4967,14196,12421,3375,4592,7829,5012,741,-183.0
5922,14165,10280,2344,6496,3784,1173,40,-307.0
6264,12515,7949,1629,6124,1825,267,2,69.0
6110,13906,9730,2154,6536,3194,834,14,-220.0
6188,12911,8479,1786,6242,2237,427,6,-30.0
6229,13984,9656,2112,6640,3016,704,11,-211.0
6378,12374,7700,1554,6076,1624,222,2,150.0
5644,10090,5888,1127,5014,874,62,0,315.0
5897,13960,10047,2274,6450,3597,1060,27,-290.0
6054,10949,6443,1241,5440,1003,69,0,307.0
5882,10729,6368,1237,5314,1054,101,0,284.0
6217,13449,9078,1955,6426,2652,597,9,-109.0
6337,12459,7825,1590,6110,1715,239,1,113.0
6164,13739,9468,2072,6504,2964,731,18,-179.0
6193,13680,9372,2042,6492,2880,696,15,-157.0
4914,13874,13042,4061,1718,11324,10438,3154,21.0
4868,13987,12813,3706,3390,9423,7207,1502,-12.0
6306,13797,9359,2019,6604,2755,589,4,-151.0
4882,13894,12971,3914,2458,10513,8978,2334,45.0
6235,12298,7734,1572,6036,1698,226,1,99.0
6231,13210,8772,1863,6366,2406,478,5,-70.0
4911,13869,13035,4058,1722,11313,10425,3151,19.0
4991,14199,12396,3357,4650,7746,4899,679,-169.0
6123,12118,7632,1552,5952,1680,214,1,85.0
6004,11450,7028,1402,5644,1384,162,0,180.0
5640,14338,10901,2580,6322,4579,1694,72,-377.0
6070,11267,6762,1323,5586,1176,95,0,242.0
3760,6090,3271,583,3044,227,2,0,358.0
5025,14319,12246,3231,5106,7140,4107,477,-279.0
5570,14481,11139,2657,6336,4803,1809,92,-429.0
6196,12688,8202,1704,6180,2022,328,4,6.0
4906,14073,12709,3604,3794,8915,6485,1236,-62.0
6541,12920,8148,1662,6324,1824,272,3,107.0
6278,13859,9465,2054,6606,2859,647,12,-170.0
4036,6634,3610,651,3314,296,6,0,361.0
5433,14467,11508,2836,6000,5508,2467,157,-362.0
2784,4384,2296,400,2192,104,0,0,296.0
6102,13741,9547,2103,6476,3071,789,16,-195.0
5937,14001,10042,2267,6482,3560,1037,33,-289.0
824,1260,642,109,630,12,0,0,97.0
4912,13871,13038,4058,1728,11310,10415,3142,21.0
5168,14291,11871,3050,5442,6429,3407,330,-302.0
6302,13001,8446,1761,6326,2120,349,4,-14.0
5157,14362,11959,3076,5462,6497,3438,339,-322.0
5894,14391,10648,2470,6476,4172,1439,56,-319.0
724,1104,561,95,552,9,0,0,86.0
6177,13519,9197,1993,6436,2761,647,17,-138.0
4482,7465,4110,749,3726,384,13,0,378.0
5284,14463,11762,2954,5800,5962,2863,226,-371.0
5208,14353,11796,2995,5622,6174,3109,274,-344.0
4886,13974,12890,3781,3094,9796,7786,1750,21.0
4900,13924,12920,3842,2788,10132,8348,2004,54.0
6043,14063,10027,2258,6506,3521,1051,39,-251.0
5029,14267,12325,3302,4838,7487,4591,621,-215.0
1564,2412,1239,212,1206,33,0,0,179.0
6195,11902,7360,1479,5846,1514,210,1,174.0
5125,14353,12029,3112,5386,6643,3581,361,-311.0
6341,13188,8651,1822,6370,2281,448,7,-18.0
4648,7966,4493,836,3970,523,26,0,339.0
4296,7092,3872,700,3544,328,4,0,376.0
6244,12370,7805,1591,6064,1741,242,4,88.0
4912,13871,13052,4083,1606,11446,10659,3286,10.0
3544,5758,3103,555,2876,227,6,0,334.0
5958,11187,6780,1338,5532,1248,123,0,213.0
5411,14327,11348,2790,5956,5392,2415,171,-358.0
6202,11919,7343,1467,5884,1459,151,0,159.0
6267,12673,8111,1671,6196,1915,281,3,34.0
5444,14382,11334,2772,6036,5298,2310,160,-376.0
4336,7196,3946,716,3596,350,4,0,370.0
4914,14144,12595,3491,4244,8351,5656,922,-126.0
5098,8791,4989,934,4374,615,43,0,362.0
6132,13690,9435,2063,6492,2943,706,12,-186.0
6219,12797,8331,1744,6198,2133,401,3,9.0
4899,14088,12582,3506,4128,8454,5832,997,-113.0
2782,4387,2302,402,2192,110,3,0,295.0
6194,13183,8772,1865,6354,2418,475,4,-82.0
2572,4060,2131,372,2030,101,0,0,271.0
6179,12012,7457,1498,5926,1531,160,1,126.0
6160,11684,7152,1425,5754,1398,176,0,203.0
6276,12262,7656,1547,6030,1626,202,0,123.0
5077,14332,12198,3209,5142,7056,4048,467,-266.0
5817,14026,10226,2337,6430,3796,1166,27,-320.0
6108,13771,9568,2106,6500,3068,771,10,-201.0
5080,14334,12019,3102,5426,6593,3482,328,-337.0
5123,14394,12052,3115,5414,6638,3566,377,-334.0
6236,13709,9359,2034,6514,2845,681,18,-148.0
6215,12276,7734,1575,6018,1716,240,1,98.0
4888,13943,12873,3796,2970,9903,8003,1874,22.0
4418,7349,4044,737,3666,378,17,0,376.0
4954,14219,12423,3363,4668,7755,4883,696,-205.0
6291,13411,8928,1898,6468,2460,475,3,-90.0
6188,13600,9275,2013,6472,2803,656,16,-150.0
4900,13924,12933,3865,2676,10257,8572,2136,44.0
6117,13962,9805,2180,6530,3275,902,27,-220.0
5602,14464,11152,2673,6266,4886,1932,102,-383.0
5453,14353,11241,2732,6090,5151,2173,145,-391.0
2780,4368,2283,397,2184,99,0,0,298.0
5309,14321,11492,2852,5872,5620,2577,181,-372.0
6420,12564,7849,1586,6182,1667,200,0,119.0
6068,13840,9694,2148,6500,3194,840,20,-226.0
6063,13771,9620,2128,6472,3148,827,23,-216.0
5134,14361,11995,3092,5438,6557,3485,344,-324.0
6272,12820,8295,1727,6228,2067,364,4,20.0
6463,13245,8558,1776,6460,2098,325,3,0.0
5190,14279,11832,3040,5424,6408,3431,360,-297.0
6348,12572,7921,1611,6176,1745,220,0,86.0
5552,9924,5784,1105,4938,846,48,0,307.0
5085,14292,12200,3229,5026,7174,4240,531,-236.0
6327,13071,8511,1779,6348,2163,375,3,-12.0
6293,12894,8351,1739,6268,2083,358,3,11.0
2038,3197,1669,290,1598,71,1,0,220.0
5622,10075,5894,1131,5002,892,71,0,310.0
2670,4209,2207,385,2104,103,1,0,283.0
5968,14073,10090,2276,6524,3566,1025,26,-291.0
5311,14406,11796,3000,5592,6204,3222,317,-299.0
5534,14432,11244,2722,6156,5088,2120,130,-376.0
5816,14261,10565,2452,6418,4147,1425,62,-332.0
6343,12773,8162,1681,6238,1924,297,3,51.0
5847,14068,10233,2335,6456,3777,1156,37,-323.0
4919,14139,12583,3486,4250,8333,5639,915,-123.0
5698,10271,6035,1162,5098,937,75,0,300.0
5955,14133,10129,2278,6590,3539,953,19,-327.0
384,576,288,48,288,0,0,0,48.0
5996,10975,6532,1272,5432,1100,111,2,281.0
6319,12242,7603,1531,6020,1583,202,1,149.0
6345,13203,8659,1823,6380,2279,443,9,-22.0
6390,13600,9033,1916,6570,2463,460,6,-93.0
6158,11631,7084,1404,5744,1340,143,0,207.0
2846,4501,2367,414,2250,117,1,0,298.0
6368,12554,7896,1606,6156,1740,242,4,104.0
4905,14045,12658,3578,3848,8810,6349,1177,-60.0
4896,13934,12829,3755,3128,9701,7678,1696,36.0
6133,12029,7535,1527,5908,1627,213,1,112.0
6282,13407,8896,1882,6500,2396,407,4,-111.0
5482,14412,11318,2760,6076,5242,2260,150,-372.0
6006,14160,10214,2323,6490,3724,1180,42,-263.0
6305,13377,8893,1891,6440,2453,497,5,-70.0
5223,14414,11794,2976,5732,6062,2950,237,-373.0
6270,12990,8502,1788,6276,2226,438,6,-6.0
4456,7382,4043,733,3688,355,6,0,384.0
6402,12930,8290,1713,6302,1988,326,2,49.0
1944,3016,1558,268,1508,50,0,0,218.0
5784,14144,10425,2407,6408,4017,1328,60,-342.0
6368,13019,8415,1749,6336,2079,347,2,15.0
5630,10089,5903,1133,5008,895,73,0,311.0
4616,7698,4243,774,3842,401,14,0,387.0
1068,1624,823,139,812,11,0,0,128.0
5134,14376,12067,3132,5342,6725,3692,406,-307.0
2926,4593,2399,417,2296,103,1,0,315.0
6233,12513,7976,1639,6118,1858,277,1,57.0
5762,14289,10647,2480,6414,4233,1461,68,-360.0
4900,14004,12709,3633,3620,9089,6764,1336,-28.0
4876,8218,4568,839,4102,466,14,0,387.0
1288,1976,1010,172,988,22,0,0,150.0
6479,12969,8252,1694,6340,1912,289,3,68.0
6286,12114,7491,1503,5964,1527,186,2,160.0
4986,14235,12503,3416,4510,7993,5215,800,-162.0
6194,13391,9014,1935,6418,2596,555,12,-118.0
6137,14072,9888,2196,6600,3288,872,23,-243.0
5792,10408,6098,1171,5170,928,68,0,311.0
4867,13984,12753,3659,3552,9201,6880,1361,-23.0
5667,14449,11012,2613,6346,4666,1757,87,-383.0
5390,14464,11556,2860,5952,5604,2560,194,-378.0
5682,14380,10952,2604,6280,4672,1820,102,-350.0
6324,13307,8781,1855,6432,2349,443,6,-57.0
5791,14321,10627,2467,6452,4175,1417,79,-370.0
5974,11075,6644,1300,5488,1156,99,0,243.0
4886,13945,12882,3791,3018,9864,7909,1804,32.0
5678,10413,6201,1207,5160,1041,93,0,259.0
6046,11296,6834,1349,5574,1260,148,2,235.0
4913,13875,13035,4046,1794,11241,10287,3065,27.0
5132,14252,11746,2986,5576,6170,3100,276,-360.0
5427,14336,11255,2736,6094,5161,2148,113,-390.0
6359,13395,8852,1873,6466,2386,463,7,-57.0
5642,14487,11054,2622,6376,4678,1735,92,-413.0
4905,14180,12588,3469,4362,8226,5456,855,-156.0
5443,14419,11346,2769,6078,5268,2263,163,-399.0
6204,13155,8732,1854,6340,2392,475,10,-73.0
5191,14341,11821,3009,5588,6233,3165,279,-338.0
4909,13878,13030,4025,1910,11120,10058,2927,36.0
6243,12874,8371,1748,6254,2117,366,5,-8.0
3340,5378,2874,510,2688,186,2,0,326.0
5346,14429,11552,2860,5944,5608,2541,184,-391.0
4240,6922,3743,671,3460,283,2,0,390.0
6263,13065,8558,1796,6340,2218,385,3,-40.0
5963,11118,6700,1316,5504,1196,110,1,229.0
6002,14284,10314,2340,6588,3726,1108,30,-308.0
652,992,503,85,496,7,0,0,78.0
5843,14315,10588,2452,6464,4124,1387,51,-336.0
5148,14297,11783,2995,5596,6187,3105,274,-361.0
4638,7883,4412,815,3934,478,15,0,352.0
4933,14129,12537,3466,4278,8259,5573,905,-125.0
4876,13992,12831,3716,3366,9465,7260,1512,-1.0
6172,13766,9508,2086,6500,3008,766,16,-172.0
5670,10329,6121,1187,5120,1001,89,0,275.0
6317,12863,8297,1723,6256,2041,351,5,28.0
5939,14154,10244,2330,6508,3736,1138,33,-301.0
5196,14451,11922,3031,5658,6264,3135,266,-364.0
6332,12991,8427,1758,6306,2121,379,6,10.0
6369,12705,8060,1650,6220,1840,265,1,74.0
6240,12678,8150,1686,6184,1966,310,4,26.0
4889,13957,12876,3789,3018,9858,7921,1833,19.0
5121,14364,11933,3050,5566,6367,3232,275,-360.0
5388,9294,5272,986,4628,644,38,0,380.0
4162,6777,3660,656,3384,276,9,0,389.0
5943,11182,6799,1347,5516,1283,150,1,213.0
6273,12836,8289,1720,6258,2031,320,3,6.0
5665,14338,10884,2575,6318,4566,1702,75,-364.0
6267,14010,9695,2131,6604,3091,802,21,-179.0
5403,14437,11540,2863,5902,5638,2633,215,-357.0
1736,2676,1374,235,1338,36,0,0,199.0
6090,11579,7087,1410,5714,1373,151,0,188.0
5705,14343,10843,2561,6320,4523,1703,97,-356.0
6199,12501,7988,1644,6112,1876,277,3,42.0
5379,14366,11330,2763,6082,5248,2202,137,-420.0
6281,13825,9434,2048,6580,2854,665,17,-158.0
6144,11908,7380,1481,5874,1506,160,0,135.0
6221,13177,8732,1850,6364,2368,449,5,-74.0
3678,5913,3155,559,2956,199,1,0,361.0
5571,14357,11073,2656,6210,4863,1937,99,-369.0
5599,9962,5791,1105,4952,839,58,1,323.0
4706,7903,4381,803,3944,437,15,0,381.0
6232,11500,6872,1340,5704,1168,92,0,264.0
6128,12248,7780,1594,5996,1784,256,0,66.0
5796,14198,10519,2441,6392,4127,1414,52,-324.0
4510,7489,4113,748,3738,375,13,0,386.0
6158,14223,10051,2243,6644,3407,935,28,-257.0
6282,13005,8495,1782,6298,2197,409,4,-10.0
5098,8673,4864,901,4322,542,29,0,388.0
3168,5076,2700,477,2538,162,0,0,315.0
6349,12800,8206,1697,6230,1976,340,3,58.0
5294,14368,11642,2920,5764,5878,2840,234,-352.0
5951,14206,10303,2348,6518,3785,1170,33,-300.0
5414,9509,5473,1036,4730,743,49,0,342.0
6335,13245,8702,1832,6412,2290,421,3,-40.0
6111,11514,7005,1388,5682,1323,150,1,214.0
5259,14389,11686,2930,5792,5894,2805,215,-374.0
5240,14335,11667,2932,5742,5925,2851,218,-360.0
5563,14464,11260,2729,6146,5114,2172,157,-370.0
5414,9535,5496,1041,4746,750,43,0,334.0
4906,13873,13036,4040,1832,11204,10209,3016,29.0
6190,13710,9413,2055,6496,2917,718,18,-162.0
5277,14473,11851,3001,5696,6155,3081,273,-346.0
4864,14010,12729,3627,3696,9033,6618,1256,-44.0
3316,5320,2833,501,2660,173,0,0,328.0
5650,14436,11053,2636,6290,4763,1856,98,-369.0
4895,13891,12972,3926,2388,10584,9115,2407,50.0
5567,14369,11086,2661,6206,4880,1957,115,-377.0
4888,14086,12676,3557,4010,8666,6066,1036,-79.0
5060,14330,12093,3147,5304,6789,3722,404,-324.0
5003,14192,12257,3282,4822,7435,4548,609,-214.0
5385,14486,11573,2862,5974,5599,2538,191,-390.0
6203,14165,9908,2191,6670,3238,825,23,-245.0
5844,14155,10349,2372,6466,3883,1223,46,-334.0
4222,6947,3786,684,3468,318,11,0,377.0
5666,14467,11030,2618,6352,4678,1763,92,-389.0
4316,7210,3976,725,3602,374,6,0,357.0
5842,10861,6528,1279,5382,1146,97,0,230.0
6030,14004,9922,2217,6542,3380,920,26,-269.0
6053,13973,9909,2223,6480,3429,1013,41,-234.0
6241,12992,8485,1775,6320,2165,352,3,-41.0
6265,13018,8508,1783,6318,2190,382,3,-28.0
3290,5271,2805,496,2634,171,3,0,328.0
1524,2336,1193,203,1168,25,0,0,178.0
6325,12612,7990,1633,6182,1808,248,3,70.0
6208,11881,7314,1463,5850,1464,181,2,178.0
6197,13669,9338,2028,6508,2830,653,13,-162.0
6211,11992,7427,1492,5902,1525,188,1,154.0
6023,11512,7070,1410,5680,1390,152,1,171.0
5422,9501,5453,1029,4732,721,37,0,345.0
5498,14342,11168,2703,6118,5050,2106,138,-379.0
6132,13572,9269,2009,6484,2785,604,8,-180.0
1324,2048,1055,181,1024,31,0,0,150.0
5799,14259,10554,2446,6432,4122,1395,71,-352.0
4930,14095,12697,3585,3884,8813,6327,1152,-53.0
4889,14109,12607,3507,4172,8435,5765,957,-120.0
4996,8432,4695,864,4206,489,20,0,395.0
6399,12706,8043,1645,6216,1827,274,1,91.0
6133,11729,7203,1436,5790,1413,149,1,171.0
5864,14011,10190,2331,6394,3796,1223,46,-288.0
5611,14377,11063,2653,6208,4855,1961,115,-356.0
2696,4232,2210,384,2116,94,0,0,290.0
5432,14532,11574,2856,6012,5562,2508,184,-382.0
5659,14485,11077,2635,6344,4733,1797,83,-384.0
6153,11801,7262,1450,5824,1438,153,1,164.0
1988,3108,1617,280,1554,63,0,0,217.0
5716,14248,10652,2486,6388,4264,1472,60,-366.0
6122,11787,7281,1459,5808,1473,171,0,157.0
6195,12733,8275,1729,6176,2099,381,3,8.0
4930,14113,12599,3518,4090,8509,5933,1044,-102.0
4953,14194,12501,3417,4500,8001,5194,767,-157.0
5592,9862,5689,1078,4910,779,42,0,341.0
4384,7336,4052,740,3664,388,8,0,360.0
5678,14263,10732,2518,6356,4376,1551,64,-371.0
4680,7790,4283,779,3892,391,6,0,394.0
4014,6645,3639,660,3318,321,9,0,348.0
5274,14463,11666,2898,5944,5722,2575,172,-421.0
6240,13065,8619,1824,6294,2325,477,6,-30.0
6305,13869,9452,2048,6616,2836,637,9,-160.0
1856,2860,1468,251,1430,38,0,0,213.0
4100,6682,3612,648,3336,276,10,0,382.0
6048,14427,10415,2361,6664,3751,1099,34,-325.0
5960,10926,6487,1257,5432,1055,62,0,264.0
6343,13525,9015,1921,6504,2511,517,15,-88.0
4426,7333,4020,730,3660,360,13,0,383.0
4894,14082,12649,3546,4022,8627,6038,1042,-85.0
2456,3824,1982,342,1912,70,0,0,272.0
6117,12620,8204,1712,6136,2068,348,3,-11.0
5308,14451,11663,2905,5896,5767,2659,182,-385.0
5961,14309,10436,2392,6520,3916,1269,49,-304.0
5671,10154,5941,1141,5036,905,82,1,317.0
6038,14184,10175,2301,6544,3631,1096,38,-272.0
6056,11565,7092,1412,5712,1380,141,2,171.0
5273,14392,11637,2906,5838,5799,2716,211,-388.0
5582,9753,5587,1053,4856,731,41,0,363.0
4884,14045,12615,3538,4002,8613,6041,1050,-84.0
6228,13933,9614,2105,6598,3016,737,22,-196.0
5148,14269,11856,3047,5430,6426,3409,342,-312.0
4810,8137,4538,836,4060,478,17,0,375.0
6198,14212,10002,2225,6654,3348,904,18,-237.0
6291,13294,8808,1868,6408,2400,478,9,-63.0
6213,13361,8972,1923,6406,2566,549,5,-99.0
4736,8046,4505,833,4012,493,22,0,362.0
5999,14223,10236,2317,6570,3666,1083,39,-305.0
1116,1708,871,148,854,17,0,0,131.0
3010,4781,2524,443,2390,134,1,0,310.0
5424,14417,11455,2825,5960,5495,2497,190,-363.0
6345,12776,8167,1683,6236,1931,304,3,53.0
6088,14247,10177,2292,6602,3575,1043,34,-274.0
6187,13698,9380,2041,6514,2866,670,17,-172.0
5601,14391,10992,2608,6336,4656,1719,77,-406.0
4898,13988,12733,3653,3548,9185,6892,1370,-10.0
4922,14124,12593,3507,4144,8449,5836,1010,-116.0
6201,12684,8195,1702,6178,2017,328,3,10.0
6283,12268,7667,1552,6022,1645,224,1,130.0
6251,12752,8212,1700,6224,1988,304,5,11.0
5930,10635,6227,1196,5278,949,79,0,326.0
6233,12354,7810,1596,6044,1766,266,3,93.0
4914,14111,12534,3461,4302,8232,5507,860,-124.0
6210,13787,9457,2059,6560,2897,667,8,-179.0
4999,14213,12135,3199,5076,7059,4061,479,-278.0
5964,14331,10440,2389,6546,3894,1239,50,-316.0
6230,12825,8316,1731,6246,2070,333,4,-10.0
5269,14344,11683,2949,5672,6011,3000,279,-341.0
4622,7637,4173,755,3816,357,5,0,403.0
6136,13777,9518,2083,6538,2980,701,10,-206.0
4905,13935,12865,3806,2894,9971,8147,1953,29.0
2700,4240,2215,385,2120,95,0,0,290.0
5844,10574,6226,1200,5252,974,70,0,296.0
4949,14188,12402,3351,4698,7704,4792,627,-188.0
6165,13968,9705,2133,6612,3093,744,15,-231.0
5658,10045,5828,1110,4996,832,53,0,331.0
3804,6166,3316,592,3080,236,6,0,362.0
5792,14356,10731,2511,6396,4335,1564,84,-344.0
3294,5265,2795,493,2632,163,1,0,331.0
6331,13240,8700,1832,6408,2292,424,5,-41.0
3552,5706,3043,539,2852,191,2,0,350.0
5818,10921,6620,1307,5398,1222,125,0,210.0
2000,3100,1600,275,1550,50,0,0,225.0
5701,14417,10899,2569,6384,4515,1649,89,-386.0
4919,14163,12480,3415,4470,8010,5223,807,-179.0
4990,14250,12355,3312,4838,7517,4574,586,-217.0
6190,13745,9438,2058,6528,2910,689,12,-175.0
6302,13332,8846,1879,6418,2428,496,10,-63.0
5424,9604,5556,1055,4782,774,40,0,321.0
6027,14051,9986,2236,6556,3430,939,19,-274.0
6289,13241,8754,1854,6384,2370,473,9,-52.0
6112,14006,9874,2202,6536,3338,934,20,-222.0
4911,13986,12862,3756,3188,9674,7610,1661,31.0
4976,14225,12266,3265,4942,7324,4341,530,-248.0
6199,14014,9742,2144,6620,3122,774,13,-217.0
4992,14193,12329,3321,4732,7597,4729,646,-193.0
4901,13903,12961,3907,2480,10481,8943,2317,52.0
4898,14177,12521,3424,4498,8023,5181,764,-182.0
6146,14078,9877,2190,6614,3263,850,22,-245.0
6231,13190,8738,1851,6370,2368,450,5,-72.0
1420,2176,1111,189,1088,23,0,0,166.0
4894,8345,4687,869,4160,527,25,0,367.0
3858,6333,3442,620,3164,278,5,0,347.0
6086,11659,7162,1427,5762,1400,135,0,162.0
6172,12560,8091,1677,6120,1971,320,0,26.0
6108,14065,9927,2214,6570,3357,925,26,-244.0
5208,8892,5000,928,4432,568,28,0,388.0
6271,12080,7478,1503,5938,1540,204,1,166.0
1872,2880,1476,252,1440,36,0,0,216.0
5534,14456,11313,2755,6096,5217,2264,166,-364.0
6238,12379,7841,1606,6046,1795,287,4,94.0
6136,14083,9930,2215,6570,3360,943,30,-232.0
5405,14358,11352,2784,6000,5352,2358,175,-385.0
6350,13415,8882,1882,6472,2410,471,8,-65.0
5121,14327,12012,3111,5358,6654,3611,373,-305.0
4892,13942,12883,3801,2960,9923,8022,1868,32.0
4888,14074,12708,3588,3888,8820,6298,1132,-66.0
5864,10462,6099,1167,5196,903,70,0,334.0
6140,13986,9804,2176,6552,3252,882,24,-218.0
5463,14307,11145,2694,6126,5019,2055,123,-393.0
6348,13665,9165,1961,6564,2601,537,10,-113.0
6204,13698,9389,2048,6490,2899,718,20,-153.0
6353,13237,8680,1825,6410,2270,417,1,-29.0
6220,13009,8535,1793,6312,2223,385,2,-47.0
5789,14286,10595,2455,6460,4135,1366,43,-357.0
5315,14462,11734,2943,5810,5924,2842,217,-356.0
6163,13230,8873,1901,6340,2533,550,13,-95.0
5976,14047,10082,2280,6484,3598,1079,30,-269.0
2912,4578,2395,417,2288,107,2,0,312.0
6077,13589,9368,2048,6448,2920,693,13,-192.0
6432,13061,8398,1738,6368,2030,325,2,31.0
6100,14048,9876,2190,6612,3264,824,12,-262.0
5762,10371,6085,1170,5150,935,71,0,306.0
5971,14094,10113,2283,6528,3585,1038,29,-293.0
4046,6673,3645,660,3330,315,13,0,358.0
6127,14002,9837,2186,6558,3279,886,17,-224.0
5724,14581,11100,2630,6420,4680,1741,78,-387.0
4899,14009,12704,3623,3670,9034,6669,1287,-29.0
5291,14404,11705,2946,5734,5971,2936,265,-354.0
6287,13795,9398,2037,6574,2824,647,7,-147.0
2918,4577,2389,415,2288,101,1,0,315.0
5080,8690,4895,910,4330,565,30,0,375.0
3980,6558,3576,646,3276,300,6,0,352.0
4896,8262,4601,847,4120,481,22,0,388.0
3612,5866,3158,564,2932,226,2,0,340.0
6238,13414,8968,1911,6470,2498,474,6,-119.0
3908,6382,3456,621,3186,270,10,0,361.0
6070,11471,6982,1382,5672,1310,127,0,199.0
6106,13767,9590,2119,6466,3124,835,20,-190.0
6317,13073,8536,1790,6332,2204,409,5,-10.0
6062,11367,6888,1360,5616,1272,135,0,223.0
2280,3572,1862,323,1786,76,0,0,247.0
5727,14405,10781,2510,6502,4279,1401,39,-407.0
4876,14011,12677,3595,3784,8893,6443,1198,-53.0
5616,9954,5767,1097,4952,815,50,0,332.0
4716,8104,4585,856,4034,551,36,0,341.0
6169,13215,8864,1901,6322,2542,571,13,-83.0
4896,13885,12980,3945,2290,10690,9305,2514,46.0
2758,4385,2317,407,2192,125,1,0,283.0
6217,13202,8779,1867,6356,2423,490,7,-73.0
5882,10551,6173,1184,5242,931,67,0,320.0
6259,12700,8161,1688,6194,1967,312,1,32.0
5649,14334,10914,2591,6282,4632,1770,91,-362.0
4983,14246,12384,3335,4758,7626,4730,653,-214.0
6122,13593,9343,2041,6440,2903,713,20,-169.0
5161,14437,11959,3052,5606,6353,3225,293,-369.0
4949,14157,12564,3471,4302,8262,5553,877,-115.0
6086,11187,6666,1297,5550,1116,87,0,268.0
6163,13678,9416,2061,6466,2950,746,17,-160.0
5812,14244,10533,2439,6432,4101,1380,56,-338.0
6426,13332,8695,1818,6482,2213,368,2,-29.0
4989,14233,12347,3317,4792,7555,4649,625,-214.0
4928,14079,12678,3580,3876,8802,6327,1158,-53.0
5845,14239,10488,2423,6438,4050,1363,65,-329.0
4566,7703,4288,789,3842,446,19,0,362.0
6323,12485,7867,1603,6116,1751,253,3,102.0
4458,7495,4157,762,3742,415,11,0,358.0
6017,13898,9803,2181,6520,3283,858,15,-259.0
6419,13697,9128,1943,6598,2530,501,7,-93.0
4910,13890,12983,3956,2230,10753,9430,2586,47.0
5962,10581,6146,1173,5254,892,73,0,354.0
6213,11941,7375,1479,5876,1499,189,1,168.0
5332,14385,11557,2874,5870,5687,2645,202,-370.0
3100,4930,2606,458,2464,142,2,0,318.0
6349,13003,8404,1745,6338,2066,327,1,5.0
6270,11759,7118,1403,5818,1300,123,0,226.0
5401,14409,11438,2814,5992,5446,2425,177,-384.0
6233,13098,8626,1818,6344,2282,410,3,-57.0
6026,11323,6865,1355,5600,1265,123,0,213.0
6396,12963,8321,1720,6322,1999,319,6,34.0
4900,13962,12724,3661,3482,9242,6998,1416,1.0
5779,14344,10699,2494,6434,4265,1476,65,-360.0
5930,10913,6512,1269,5410,1102,93,0,260.0
6240,13602,9197,1979,6520,2677,562,8,-144.0
5132,14305,12030,3131,5274,6756,3757,406,-274.0
6290,13703,9232,1977,6602,2630,499,4,-158.0
5628,14389,10959,2595,6348,4611,1693,74,-397.0
4863,13927,12913,3823,2888,10025,8151,1923,26.0
4869,13968,12805,3724,3266,9539,7436,1639,-18.0
5499,14496,11412,2788,6096,5316,2304,149,-373.0
5048,8784,5012,941,4378,634,28,0,335.0
6249,13892,9520,2070,6620,2900,652,15,-193.0
5456,9714,5647,1077,4832,815,50,0,312.0
6054,11597,7145,1430,5710,1435,177,0,172.0
5034,14309,12238,3235,5066,7172,4177,512,-272.0
5918,14303,10422,2379,6570,3852,1163,32,-342.0
6309,13707,9262,1994,6560,2702,587,9,-130.0
5261,14450,11715,2927,5868,5847,2714,195,-401.0
5353,14417,11541,2860,5922,5619,2573,197,-383.0
5267,14402,11723,2951,5740,5983,2922,253,-363.0
5878,10937,6577,1289,5420,1157,97,0,229.0
5318,9249,5275,990,4610,665,29,0,354.0
5619,14379,11062,2655,6194,4868,1991,131,-353.0
5936,10842,6439,1251,5372,1067,98,0,282.0
5349,14367,11470,2837,5918,5552,2531,201,-385.0
6307,12658,8071,1660,6182,1889,294,5,60.0
5664,10194,5981,1150,5062,919,70,0,301.0
6187,13486,9141,1974,6438,2703,610,13,-132.0
6275,12050,7426,1485,5942,1484,166,1,166.0
5809,14321,10662,2484,6420,4242,1481,57,-334.0
5142,14349,11915,3053,5512,6403,3325,320,-345.0
6082,13978,9824,2180,6568,3256,842,18,-252.0
4973,14265,12280,3256,5024,7256,4217,485,-268.0
3138,5009,2656,468,2504,152,1,0,317.0
6094,11274,6757,1322,5582,1175,110,2,255.0
6171,13846,9611,2118,6514,3097,818,21,-182.0
5927,14082,10127,2288,6526,3601,1030,33,-316.0
4424,7330,4015,728,3662,353,6,0,381.0
6256,13843,9479,2062,6586,2893,671,10,-170.0
6084,13437,9187,1996,6398,2789,641,10,-162.0
5082,8843,5047,948,4406,641,31,0,338.0
5292,14363,11665,2934,5726,5939,2911,246,-340.0
6322,12520,7903,1612,6134,1769,252,2,93.0
5735,14380,10821,2540,6402,4419,1576,61,-364.0
5763,14248,10612,2472,6392,4220,1464,61,-345.0
6018,14274,10283,2328,6598,3685,1078,22,-301.0
4972,14206,12298,3289,4862,7436,4482,560,-225.0
5611,14459,11064,2630,6348,4716,1763,91,-414.0
5180,14348,11935,3075,5420,6515,3508,376,-308.0
168,252,126,21,126,0,0,0,21.0
6364,12250,7564,1515,6038,1526,174,0,163.0
6225,13357,8948,1914,6412,2536,533,9,-98.0
5558,9749,5601,1058,4854,747,41,0,352.0
6188,12626,8140,1687,6158,1982,310,0,15.0
6123,14154,10046,2253,6574,3472,1006,25,-238.0
4892,14026,12819,3691,3492,9327,7042,1412,-6.0
5692,14403,10895,2569,6376,4519,1651,86,-385.0
3476,5608,3003,534,2802,201,4,0,337.0
4932,14144,12447,3397,4512,7935,5120,744,-162.0
4890,13959,12899,3798,3010,9889,7939,1816,32.0
5220,14341,11734,2967,5666,6068,3009,262,-354.0
4994,8489,4754,879,4234,520,21,0,380.0
6065,14284,10257,2321,6588,3669,1108,43,-283.0
5312,9318,5355,1012,4638,717,42,0,337.0
5166,14412,12056,3120,5392,6664,3628,394,-310.0
6095,13989,9849,2192,6546,3303,897,23,-237.0
6299,12278,7658,1547,6034,1624,210,1,132.0
1004,1520,767,129,760,7,0,0,122.0
1388,2144,1103,189,1072,31,0,0,158.0
5169,14392,11979,3081,5472,6507,3448,347,-325.0
5676,14457,11043,2629,6312,4731,1833,98,-367.0
4887,13976,12799,3712,3326,9473,7324,1565,-2.0
5162,14305,11923,3077,5384,6539,3537,372,-297.0
6278,13210,8705,1835,6400,2305,410,2,-62.0
5331,14404,11568,2874,5892,5676,2620,197,-379.0
5270,14403,11707,2942,5762,5945,2879,244,-368.0
6217,13924,9648,2122,6564,3084,796,15,-181.0
6046,13939,9877,2214,6470,3407,999,36,-230.0
5178,14430,11986,3071,5546,6440,3338,306,-337.0
5977,11067,6651,1306,5466,1185,135,1,255.0
2604,4066,2114,366,2032,82,2,0,286.0
6029,13769,9646,2137,6470,3176,829,21,-231.0
6161,14084,9896,2200,6592,3304,900,23,-227.0
5132,8860,5023,938,4418,605,24,0,357.0
5676,10250,6028,1161,5090,938,70,0,293.0
6286,12472,7876,1606,6116,1760,240,2,84.0
5712,14326,10741,2511,6416,4325,1494,64,-384.0
6244,13761,9411,2048,6534,2877,693,18,-154.0
4899,13891,12958,3910,2456,10502,8979,2331,56.0
4911,13890,12993,3970,2166,10827,9558,2657,44.0
6315,11848,7185,1420,5850,1335,148,1,232.0
524,788,395,66,394,1,0,0,65.0
5667,14324,10829,2553,6340,4489,1644,89,-381.0
5403,14455,11529,2848,5970,5559,2515,175,-371.0
6304,12581,7992,1639,6150,1842,281,2,76.0
1196,1840,943,161,920,23,0,0,138.0
6204,12350,7837,1607,6032,1805,286,4,84.0
5093,14362,12199,3203,5180,7019,4002,459,-273.0
6575,13387,8643,1797,6504,2139,379,3,34.0
5583,14408,11146,2687,6170,4976,2068,145,-366.0
5941,11161,6777,1341,5508,1269,145,1,216.0
5700,14314,10782,2534,6360,4422,1594,72,-366.0
4324,7098,3856,694,3548,308,2,0,388.0
5449,14408,11402,2801,5998,5404,2412,167,-358.0
6070,14000,9898,2211,6530,3368,940,26,-243.0
6254,13043,8551,1797,6320,2231,403,4,-35.0
6405,13582,9013,1912,6554,2459,474,3,-76.0
6155,13987,9780,2165,6570,3210,847,19,-217.0
4870,14035,12721,3620,3722,8999,6591,1276,-64.0
6157,11569,7031,1393,5704,1327,161,1,226.0
3966,6455,3484,624,3224,260,7,0,371.0
6335,12469,7826,1588,6124,1702,221,3,104.0
4944,14139,12410,3379,4546,7864,5047,726,-164.0
3592,5826,3133,559,2912,221,2,0,340.0
5533,14286,10997,2631,6208,4789,1870,99,-387.0
5144,8888,5044,943,4430,614,28,0,357.0
6247,13968,9632,2106,6628,3004,712,9,-195.0
5803,10610,6306,1226,5256,1050,98,1,273.0
6279,12732,8170,1687,6218,1952,296,1,30.0
5413,14492,11506,2823,6074,5432,2344,131,-396.0
6215,12786,8291,1726,6226,2065,334,1,-6.0
4888,13948,12807,3726,3258,9549,7432,1588,21.0
5808,10796,6486,1270,5352,1134,92,0,228.0
452,684,345,58,342,3,0,0,55.0
2930,4649,2452,430,2324,128,1,0,303.0
4910,13876,12995,3975,2140,10855,9596,2662,54.0
4040,6574,3547,635,3284,263,6,0,378.0
5141,14381,12013,3096,5450,6563,3481,337,-323.0
6276,13276,8796,1865,6402,2394,472,12,-69.0
5446,14372,11375,2800,5950,5425,2472,198,-351.0
1332,2028,1029,174,1014,15,0,0,159.0
5976,14264,10299,2336,6582,3717,1100,44,-325.0
6038,13970,9878,2203,6538,3340,894,14,-257.0
6344,13360,8838,1873,6438,2400,484,8,-51.0
6345,13357,8817,1863,6456,2361,445,5,-58.0
5600,9788,5608,1057,4874,734,40,0,363.0
6395,12856,8197,1684,6290,1907,276,1,52.0
5928,10810,6409,1243,5360,1049,90,0,284.0
4884,13965,12835,3743,3212,9623,7541,1650,11.0
5166,14340,11921,3062,5470,6451,3400,326,-315.0
4981,14288,12283,3257,5024,7259,4240,519,-281.0
4987,14275,12403,3335,4796,7607,4683,631,-220.0
6183,12082,7549,1527,5936,1613,210,1,123.0
5512,14389,11114,2661,6262,4852,1865,98,-424.0
5398,14481,11507,2830,6034,5473,2413,176,-406.0
6236,12221,7659,1554,5994,1665,233,2,120.0
4921,14199,12533,3429,4492,8041,5215,777,-174.0
6302,12343,7730,1567,6058,1672,227,0,122.0
5328,14402,11525,2851,5944,5581,2514,184,-400.0
5271,14377,11753,2975,5656,6097,3065,271,-328.0
6073,14098,10023,2248,6558,3465,982,15,-250.0
5869,14188,10335,2358,6522,3813,1144,31,-342.0
6286,13162,8670,1831,6354,2316,454,6,-37.0
5694,14341,10862,2569,6310,4552,1721,92,-354.0
5045,8613,4847,901,4288,559,37,1,378.0
5742,10599,6336,1236,5256,1080,87,0,243.0
5634,14401,10959,2592,6366,4593,1669,68,-400.0
6233,13653,9300,2018,6492,2808,669,17,-138.0
6049,14126,10077,2266,6558,3519,1010,23,-266.0
5141,14369,12033,3117,5364,6669,3641,401,-312.0
4893,14144,12485,3421,4444,8041,5256,823,-187.0
4907,14134,12486,3421,4446,8040,5242,785,-162.0
6111,12945,8601,1829,6228,2373,489,7,-62.0
6165,12838,8388,1756,6240,2148,358,7,-41.0
5005,14278,12484,3389,4634,7850,5010,727,-178.0
6238,12993,8523,1793,6288,2235,417,0,-25.0
5254,14455,11911,3037,5600,6311,3255,308,-327.0
5030,14292,12189,3212,5106,7083,4080,494,-285.0
4987,14256,12385,3326,4814,7571,4628,593,-210.0
6316,12967,8401,1749,6308,2093,351,6,1.0
6069,13789,9642,2136,6468,3174,853,29,-214.0
6266,13059,8546,1792,6340,2206,379,4,-39.0
3226,5125,2706,475,2562,144,1,0,332.0
6204,11780,7205,1433,5812,1393,156,0,196.0
6169,12071,7563,1535,5916,1647,239,1,126.0
5396,14501,11545,2844,6026,5519,2449,178,-404.0
6307,12781,8215,1701,6224,1991,333,3,40.0
5976,14331,10425,2383,6552,3873,1227,50,-313.0
5616,10032,5850,1119,4986,864,60,0,315.0
6365,12697,8072,1658,6196,1876,305,5,82.0
6289,14010,9645,2108,6642,3003,726,15,-184.0
6016,14141,10103,2271,6580,3523,981,22,-293.0
5501,14342,11149,2691,6152,4997,2038,115,-383.0
5660,10300,6101,1183,5104,997,92,0,278.0
5207,14358,11820,3010,5580,6240,3198,309,-341.0
3724,6014,3224,574,3004,220,6,0,360.0
5236,14352,11675,2934,5746,5929,2860,240,-375.0
6213,12311,7764,1581,6042,1722,227,1,85.0
4853,14050,12609,3529,4044,8565,5962,1043,-117.0
6299,13884,9490,2063,6602,2888,680,13,-158.0
6150,12801,8380,1759,6206,2174,389,4,-30.0
3774,6147,3320,595,3070,250,7,0,352.0
5803,14320,10657,2482,6422,4235,1476,65,-342.0
5491,14448,11394,2795,6018,5376,2412,189,-358.0
5042,14282,12147,3192,5142,7005,3998,470,-285.0
6173,13589,9321,2038,6414,2907,761,25,-133.0
5646,14330,10840,2551,6374,4466,1582,62,-395.0
5848,14339,10590,2448,6492,4098,1355,54,-349.0
6299,12524,7927,1620,6134,1793,256,1,82.0
4917,14112,12578,3497,4174,8404,5764,971,-114.0
5842,10845,6514,1276,5372,1142,101,0,235.0
6327,13360,8853,1879,6432,2421,496,13,-59.0
5008,8632,4892,914,4300,592,32,0,354.0
6338,12730,8130,1675,6210,1920,310,2,63.0
4904,13888,12974,3935,2338,10636,9212,2456,55.0
5543,14336,11099,2673,6160,4939,2016,117,-367.0
3228,5184,2763,489,2592,171,0,0,318.0
1520,2348,1208,207,1174,34,0,0,173.0
6147,13799,9541,2091,6536,3005,727,15,-202.0
4500,7582,4216,775,3782,434,18,0,359.0
5057,14323,12223,3224,5102,7121,4119,489,-267.0
4969,14246,12306,3280,4932,7374,4382,539,-251.0
5677,14292,10809,2549,6324,4485,1644,63,-355.0
6140,13157,8796,1877,6330,2466,497,6,-98.0
5582,10041,5887,1131,4988,899,65,0,297.0
6290,12438,7848,1601,6090,1758,258,2,99.0
5076,14351,12090,3142,5328,6762,3695,402,-327.0
6227,13794,9465,2064,6546,2919,702,13,-166.0
2356,3708,1941,338,1854,87,0,0,251.0
4424,7476,4168,768,3728,440,20,0,348.0
5338,9327,5341,1006,4646,695,35,0,346.0
6276,12104,7503,1510,5946,1557,212,0,165.0
2376,3704,1922,332,1852,70,0,0,262.0
5298,9445,5494,1048,4700,794,45,0,299.0
5512,14430,11295,2746,6114,5181,2202,136,-369.0
5922,11143,6757,1333,5516,1241,111,0,203.0
4954,8563,4865,911,4264,601,35,0,345.0
2868,4578,2428,428,2288,140,2,0,290.0
5726,14230,10607,2470,6394,4213,1442,66,-367.0
5071,14261,12150,3206,5064,7086,4133,499,-246.0
6007,14224,10216,2305,6602,3614,1020,17,-306.0
4853,13950,12796,3699,3398,9398,7154,1455,0.0
3982,6451,3468,619,3222,246,7,0,380.0
4886,13928,12906,3824,2868,10038,8192,1938,40.0
3710,6035,3254,582,3016,238,3,0,347.0
6008,13988,9962,2239,6490,3472,1008,32,-257.0
5487,14314,11158,2701,6110,5048,2094,117,-370.0
2330,3633,1886,326,1816,70,1,0,257.0
432,656,332,56,328,4,0,0,52.0
5553,14402,11181,2698,6174,5007,2054,111,-366.0
6134,14072,9886,2195,6602,3284,868,26,-247.0
6377,12907,8273,1707,6304,1969,299,1,36.0
5182,14319,11764,2983,5630,6134,3059,264,-356.0
4899,13897,12941,3889,2548,10393,8801,2243,54.0
6298,13604,9146,1960,6532,2614,540,6,-120.0
6288,13410,8939,1904,6454,2485,502,8,-87.0
6388,12366,7654,1534,6104,1550,158,0,142.0
5399,14424,11503,2845,5936,5567,2552,197,-367.0
6084,13951,9852,2202,6492,3360,967,26,-217.0
5845,14094,10287,2355,6444,3843,1206,35,-317.0
6315,13173,8668,1831,6350,2318,473,7,-21.0
6071,11282,6785,1331,5584,1201,114,1,243.0
5968,13932,9945,2240,6450,3495,1032,36,-259.0
5050,8643,4869,905,4308,561,27,0,371.0
5104,14341,12108,3157,5274,6834,3793,402,-286.0
6016,10784,6312,1212,5352,960,80,0,332.0
6078,11325,6825,1341,5604,1221,117,0,237.0
5167,14339,11927,3068,5446,6481,3447,347,-313.0
6201,13808,9530,2090,6520,3010,768,15,-167.0
5978,14204,10250,2326,6544,3706,1116,38,-302.0
6268,13926,9596,2103,6574,3022,778,24,-165.0
4696,7906,4391,806,3946,445,14,0,375.0
6249,13843,9512,2079,6550,2962,743,21,-161.0
3312,5286,2805,495,2640,165,6,0,336.0
6017,14080,10027,2249,6560,3467,960,27,-285.0
6450,12926,8220,1685,6330,1890,266,2,59.0
6163,13677,9379,2042,6506,2873,665,11,-177.0
5758,10421,6147,1188,5166,981,89,0,296.0
5537,14521,11407,2786,6098,5309,2325,165,-363.0
5066,8617,4824,891,4302,522,13,0,382.0
604,916,463,78,458,5,0,0,73.0
6189,13789,9498,2077,6534,2964,721,13,-179.0
6317,12703,8088,1658,6228,1860,247,1,44.0
4802,8053,4464,819,4014,450,25,0,394.0
5438,14485,11404,2775,6158,5246,2169,116,-418.0
5416,14438,11434,2805,6038,5396,2362,164,-393.0
6246,12103,7506,1508,5964,1542,175,0,141.0
4908,13873,13019,4009,1984,11035,9905,2834,45.0
5113,14211,11926,3101,5246,6680,3719,413,-273.0
5190,9095,5230,990,4520,710,55,0,335.0
6242,12861,8353,1742,6254,2099,353,4,-8.0
5939,13874,9925,2241,6404,3521,1066,37,-251.0
5423,14353,11200,2703,6182,5018,1989,107,-433.0
6011,14283,10324,2347,6566,3758,1151,35,-295.0
6252,11880,7257,1440,5874,1383,132,0,189.0
3452,5558,2970,527,2778,192,2,0,337.0
5533,14364,11071,2650,6242,4829,1880,111,-410.0
5996,11183,6752,1330,5524,1228,135,2,235.0
5868,10632,6271,1211,5276,995,80,0,296.0
2426,3809,1990,346,1904,86,1,0,261.0
5640,14446,11083,2646,6290,4793,1866,88,-369.0
5400,9448,5414,1020,4708,706,32,0,346.0
4854,8129,4495,822,4058,437,13,0,398.0
6132,13693,9427,2059,6500,2927,693,18,-193.0
5930,14010,10068,2275,6486,3582,1038,18,-287.0
6187,13712,9393,2044,6522,2871,668,17,-176.0
6264,12514,7951,1631,6116,1835,282,8,70.0
6122,14050,9901,2207,6560,3341,930,30,-234.0
6215,13641,9295,2015,6500,2795,641,7,-146.0
5954,11053,6654,1308,5460,1194,133,0,247.0
6024,13927,9871,2210,6482,3389,963,26,-242.0
6287,12505,7924,1622,6116,1808,273,3,84.0
5164,14420,12029,3097,5476,6553,3468,336,-324.0
5820,14273,10602,2468,6396,4206,1481,62,-319.0
6244,13090,8603,1810,6346,2257,398,4,-53.0
4931,14147,12643,3531,4100,8543,5947,1039,-104.0
5150,8859,5012,935,4414,598,31,0,368.0
6439,13105,8442,1750,6384,2058,337,3,26.0
5932,14138,10246,2335,6482,3764,1174,40,-295.0
5937,14302,10417,2379,6560,3857,1182,31,-327.0
6015,13867,9774,2176,6492,3282,883,31,-254.0
6180,14094,9871,2187,6620,3251,854,20,-230.0
6052,11456,6981,1383,5664,1317,128,0,194.0
5236,9170,5268,996,4560,708,50,0,338.0
3954,6449,3488,626,3220,268,9,0,367.0
5081,14301,12035,3129,5296,6739,3709,413,-314.0
5191,14386,11848,3013,5618,6230,3150,293,-360.0
5076,8670,4876,905,4322,554,26,0,377.0
6003,14113,10103,2277,6544,3559,1025,27,-284.0
6377,12695,8043,1645,6216,1827,263,1,80.0
6214,11581,6975,1369,5736,1239,109,0,239.0
4310,7091,3862,697,3542,320,7,0,384.0
4826,8171,4559,840,4078,481,15,0,374.0
6434,13244,8623,1806,6410,2213,424,10,7.0
4944,14112,12523,3467,4244,8279,5624,924,-112.0
6145,13722,9426,2052,6540,2886,642,11,-203.0
6170,11932,7397,1487,5872,1525,188,2,148.0
5888,14424,10637,2453,6556,4081,1312,36,-352.0
5460,9690,5620,1070,4820,800,50,0,320.0
6014,12308,7966,1658,5984,1982,340,2,14.0
6117,11367,6842,1344,5620,1222,127,1,248.0
6097,13940,9763,2161,6560,3203,820,19,-241.0
6183,13430,9072,1952,6432,2640,566,5,-127.0
5519,14340,11069,2651,6232,4837,1876,93,-403.0
4910,13894,12996,3956,2256,10740,9382,2542,56.0
6304,13190,8660,1821,6394,2266,402,4,-47.0
4480,7562,4207,773,3776,431,10,0,352.0
6123,14065,9917,2212,6562,3355,941,35,-237.0
5961,13885,9873,2214,6462,3411,961,29,-265.0
5195,14384,11923,3056,5510,6413,3364,329,-322.0
4911,13873,13008,4001,2010,10998,9853,2811,45.0
6081,13906,9749,2160,6538,3211,830,15,-236.0
5363,14307,11364,2796,5952,5412,2403,163,-376.0
2784,4428,2340,411,2214,126,0,0,285.0
5110,14326,11943,3074,5442,6501,3442,362,-347.0
6269,12647,8098,1671,6170,1928,307,1,49.0
5222,14374,11928,3063,5478,6450,3418,318,-287.0
6086,11543,7060,1405,5690,1370,163,0,198.0
5542,14464,11261,2721,6196,5065,2072,110,-382.0
5072,8704,4916,916,4336,580,32,0,368.0
4992,8464,4728,872,4224,504,16,0,384.0
5290,14413,11720,2950,5740,5980,2933,256,-353.0
5692,14390,10876,2562,6380,4496,1630,80,-384.0
5102,8595,4780,879,4286,494,23,0,408.0
4706,7925,4402,808,3956,446,13,0,375.0
6105,11829,7344,1478,5820,1524,189,1,142.0
6078,14146,10099,2277,6536,3563,1074,34,-246.0
1500,2304,1179,201,1152,27,0,0,174.0
5056,8718,4943,924,4342,601,34,0,357.0
5608,14264,10760,2523,6382,4378,1500,64,-419.0
5681,14423,11030,2634,6256,4774,1911,117,-346.0
5478,14474,11302,2730,6224,5078,2026,102,-424.0
5105,14338,11975,3083,5452,6523,3434,335,-341.0
5024,14246,12192,3226,5028,7164,4190,508,-256.0
6312,13610,9155,1965,6520,2635,570,8,-108.0
5960,14313,10436,2392,6520,3916,1273,58,-309.0
4906,14092,12548,3475,4246,8302,5600,886,-113.0
5862,14156,10352,2375,6454,3898,1248,42,-317.0
6202,13118,8705,1849,6316,2389,486,6,-60.0
4748,7936,4383,801,3960,423,16,0,394.0
5751,10584,6328,1237,5234,1094,116,1,258.0
5393,14441,11403,2780,6126,5277,2189,117,-425.0
5163,14421,11957,3057,5572,6385,3277,307,-358.0
6156,13674,9399,2052,6486,2913,702,12,-171.0
6238,13312,8871,1888,6414,2457,484,6,-91.0
6052,11494,7047,1407,5652,1395,190,4,198.0
5910,14142,10247,2330,6514,3733,1114,26,-315.0
6227,13399,8994,1927,6426,2568,547,11,-105.0
4890,13924,12880,3802,2948,9932,8028,1854,44.0
3330,5345,2848,504,2672,176,1,0,329.0
5166,14355,11878,3034,5552,6326,3251,304,-345.0
5881,14344,10591,2452,6470,4121,1404,59,-324.0
5307,14384,11558,2869,5902,5656,2580,181,-388.0
6182,12111,7583,1537,5944,1639,223,4,117.0
5636,14583,11201,2671,6376,4825,1831,94,-417.0
6379,13096,8492,1770,6364,2128,368,5,5.0
332,500,251,42,250,1,0,0,41.0
5146,14368,11978,3083,5458,6520,3452,342,-327.0
4905,13926,12919,3846,2762,10157,8402,2039,52.0
5725,10535,6290,1227,5218,1072,99,1,253.0
4536,7644,4248,780,3816,432,12,0,360.0
4386,7277,3992,725,3634,358,9,0,376.0
4917,14095,12677,3571,3928,8749,6239,1133,-72.0
5058,14327,12165,3189,5196,6969,3935,448,-293.0
4956,14164,12406,3376,4556,7850,5052,756,-178.0
5744,14313,10724,2511,6382,4342,1549,74,-356.0
5860,14108,10226,2321,6526,3700,1056,20,-343.0
6279,12392,7812,1593,6066,1746,260,1,106.0
5852,10718,6380,1242,5308,1072,102,0,272.0
6316,13400,8907,1894,6450,2457,500,8,-71.0
6200,12915,8463,1778,6258,2205,399,2,-30.0
3340,5342,2838,501,2670,168,2,0,335.0
5843,14275,10555,2447,6428,4127,1419,63,-324.0
6025,11565,7126,1425,5702,1424,161,1,161.0
4937,14106,12549,3485,4188,8361,5730,959,-105.0
6300,13305,8812,1868,6416,2396,473,6,-61.0
6213,12095,7532,1519,5950,1582,195,1,131.0
6014,11119,6656,1300,5512,1144,95,0,251.0
5390,14514,11579,2856,6022,5557,2470,170,-401.0
6384,12411,7729,1560,6098,1631,215,2,142.0
5452,14540,11496,2813,6114,5382,2312,148,-405.0
5155,14337,11961,3091,5376,6585,3585,403,-312.0
4168,6966,3847,703,3476,371,14,0,346.0
6148,11782,7256,1451,5806,1450,170,0,171.0
5017,14343,12279,3241,5112,7167,4119,481,-288.0
6116,14188,10059,2249,6624,3435,940,16,-262.0
6197,12388,7878,1617,6054,1824,280,3,70.0
5847,14317,10579,2447,6476,4103,1365,47,-338.0
5438,14416,11395,2793,6032,5363,2352,158,-376.0
5488,14418,11189,2686,6262,4927,1894,80,-427.0
5828,14285,10573,2451,6440,4133,1405,58,-335.0
6366,13350,8808,1863,6438,2370,474,6,-39.0
4974,14204,12360,3326,4764,7596,4676,602,-196.0
5732,10218,5950,1137,5078,872,62,0,327.0
6289,13495,9027,1927,6492,2535,511,9,-106.0
5148,9014,5170,975,4490,680,34,0,329.0
5924,10962,6576,1288,5424,1152,114,0,250.0
4891,13930,12940,3859,2726,10214,8478,2081,42.0
4910,14037,12718,3628,3668,9050,6701,1316,-37.0
5527,14433,11170,2681,6254,4916,1925,107,-417.0
3324,5272,2779,487,2636,143,0,0,344.0
5577,14256,10920,2605,6210,4710,1836,95,-364.0
6371,13069,8483,1771,6340,2143,389,3,14.0
6238,13889,9544,2081,6602,2942,685,12,-188.0
5982,14221,10303,2349,6512,3791,1197,40,-285.0
5906,14111,10248,2340,6456,3792,1199,44,-297.0
4909,13875,12989,3970,2158,10831,9559,2645,53.0
2790,4457,2365,417,2228,137,1,0,281.0
6334,12764,8166,1684,6228,1938,308,2,52.0
4468,7436,4091,745,3712,379,12,0,378.0
5302,14511,11815,2972,5798,6017,2915,236,-366.0
6241,13322,8865,1883,6432,2433,458,7,-99.0
584,888,450,76,444,6,0,0,70.0
5020,14292,12342,3293,4926,7416,4440,540,-223.0
4903,14013,12626,3567,3850,8776,6313,1155,-51.0
5842,14217,10461,2413,6444,4017,1329,52,-327.0
6254,14139,9840,2170,6660,3180,819,24,-215.0
1620,2492,1277,218,1246,31,0,0,187.0
4904,14085,12630,3539,4026,8604,6033,1058,-90.0
5684,14386,10871,2560,6382,4489,1622,84,-391.0
5279,14394,11650,2910,5840,5810,2714,189,-375.0
6158,14247,10097,2260,6634,3463,979,28,-252.0
4922,14123,12608,3508,4168,8440,5787,956,-101.0
6191,11888,7344,1474,5844,1500,200,1,173.0
4893,13915,12926,3855,2722,10204,8471,2073,49.0
556,848,431,73,424,7,0,0,66.0
4881,14035,12726,3617,3750,8976,6535,1221,-45.0
6204,11923,7356,1473,5874,1482,175,2,164.0
5918,14381,10567,2435,6524,4043,1333,56,-331.0
6147,11980,7467,1507,5892,1575,196,1,127.0
3942,6407,3454,618,3200,254,7,0,371.0
6300,12914,8363,1741,6280,2083,354,4,8.0
5306,14294,11325,2770,6030,5295,2234,142,-433.0
6280,13500,9036,1929,6498,2538,504,8,-113.0
4382,7341,4061,743,3664,397,13,0,359.0
6220,13816,9491,2071,6556,2935,704,16,-176.0
5934,14219,10363,2374,6482,3881,1255,44,-296.0
5643,14291,10842,2562,6312,4530,1667,67,-368.0
6168,13758,9460,2064,6536,2924,686,20,-194.0
4342,7147,3896,704,3568,328,11,0,387.0
6249,13381,8958,1916,6420,2538,541,9,-90.0
6164,11514,6956,1370,5692,1264,130,0,236.0
5770,10437,6140,1182,5188,952,61,0,291.0
6413,13510,8937,1894,6510,2427,490,11,-54.0
6319,13970,9555,2077,6648,2907,674,17,-173.0
5748,14253,10638,2482,6384,4254,1485,62,-349.0
6093,13722,9488,2077,6514,2974,694,15,-218.0
6123,13600,9356,2046,6436,2920,728,21,-167.0
4974,8547,4832,901,4258,574,31,0,358.0
6154,11655,7121,1416,5746,1375,163,0,204.0
6053,13913,9781,2171,6536,3245,841,17,-250.0
768,1164,588,99,582,6,0,0,93.0
5257,14397,11829,3010,5598,6231,3201,301,-321.0
6204,13409,9019,1933,6440,2579,529,2,-119.0
5017,14296,12127,3168,5246,6881,3804,411,-320.0
5896,14403,10631,2460,6502,4129,1399,66,-336.0
4006,6547,3544,636,3272,272,3,0,367.0
6238,11993,7397,1480,5914,1483,165,0,162.0
5607,14500,11202,2692,6252,4950,1996,121,-383.0
2268,3564,1863,324,1782,81,0,0,243.0
6177,12159,7637,1551,5968,1669,223,1,104.0
6286,13599,9128,1951,6550,2578,499,8,-136.0
6383,12972,8349,1730,6318,2031,336,5,30.0
5493,14524,11401,2775,6152,5249,2220,151,-405.0
5283,14379,11629,2904,5834,5795,2711,191,-371.0
5833,14391,10649,2462,6526,4123,1339,49,-371.0
2698,4237,2214,385,2118,96,1,0,290.0
4903,13899,12967,3925,2384,10583,9131,2427,46.0
6071,13987,9851,2190,6562,3289,863,19,-255.0
6206,13866,9565,2093,6572,2993,722,10,-188.0
6028,11314,6858,1354,5592,1266,130,0,218.0
4960,14169,12372,3349,4650,7722,4869,682,-186.0
6046,13850,9714,2153,6510,3204,830,22,-243.0
6342,13171,8618,1810,6376,2242,419,8,-21.0
6256,13336,8904,1901,6402,2502,532,8,-77.0
4210,6967,3815,692,3478,337,11,0,366.0
5274,14385,11654,2917,5806,5848,2773,216,-374.0
6193,12029,7480,1507,5918,1562,193,1,137.0
