N0,N1,N2,Volume,Enclosing_surface,Contact_surface,TETRAVOXEL,OCTOVOXEL,MISC_Async
42700,110987,85218,20277,48774,36444,13439,618,-3346.0
44850,109398,80136,18361,50106,30030,9186,290,-2773.0
33508,55442,30340,5498,27692,2648,58,0,2908.0
47607,91034,55955,11171,44884,11071,1266,9,1357.0
48138,104398,70363,15105,50096,20267,4206,46,-1002.0
48488,101804,66974,14101,49342,17632,3120,32,-443.0
44882,109918,80740,18539,50246,30494,9426,306,-2835.0
46928,108588,76532,17005,51034,25498,6520,160,-2133.0
36921,109199,95669,25687,37216,58453,34767,4297,-2296.0
39215,110664,91532,23245,43594,47938,23476,1945,-3162.0
24354,38777,20518,3609,19382,1136,13,0,2486.0
45713,84108,50215,9795,41660,8555,788,3,2025.0
21044,33242,17462,3051,16618,844,6,0,2213.0
44900,81329,47939,9250,40378,7561,573,2,2260.0
47831,105286,71671,15503,50324,21347,4638,81,-1287.0
48379,104497,70238,15048,50188,20050,4121,47,-928.0
46134,108917,77911,17517,50720,27191,7477,192,-2389.0
42044,111063,86713,20957,47684,39029,15695,886,-3263.0
41528,72180,41178,7735,35946,5232,288,0,2791.0
48637,101550,66570,13981,49254,17316,3042,31,-324.0
44512,109947,81435,18840,49830,31605,10287,362,-2840.0
46118,85363,51209,10029,42244,8965,875,4,1935.0
35993,107412,97832,27482,30772,67060,45868,7359,-1069.0
46301,108516,77169,17263,50760,26409,6996,159,-2309.0
43328,77500,45228,8655,38526,6702,448,0,2401.0
20232,31816,16646,2898,15904,742,8,0,2164.0
47154,89825,55043,10960,44326,10717,1173,4,1412.0
18600,29140,15192,2636,14568,624,4,0,2016.0
48948,99406,63918,13230,48456,15462,2494,32,230.0
48415,94687,59192,11977,46522,12670,1643,7,943.0
35927,104559,101309,32438,7990,93319,88579,27459,239.0
35937,104543,101367,32734,6330,95037,91883,29553,27.0
35593,106240,99335,28924,25126,74209,55988,10939,-236.0
48115,92765,57370,11509,45686,11684,1393,7,1211.0
38256,110190,92890,23983,41882,51008,26426,2428,-3027.0
36075,108024,96971,26715,33652,63319,40720,5809,-1693.0
48312,102990,68540,14568,49672,18868,3646,52,-706.0
37883,109900,93580,24393,40802,52778,28296,2741,-2830.0
38058,110139,93404,24264,41224,52180,27691,2716,-2941.0
25666,41199,21959,3888,20590,1369,19,0,2538.0
35739,107088,98368,27912,29264,69104,48560,8261,-893.0
40326,110911,89301,22128,45834,43467,19243,1316,-3412.0
43055,76202,44111,8387,37900,6211,402,1,2577.0
43028,76368,44311,8442,37970,6341,428,0,2529.0
7888,12032,6116,1036,6016,100,0,0,936.0
47980,106164,72538,15736,50660,21878,4844,84,-1382.0
4492,6800,3431,577,3400,31,0,0,546.0
46268,108747,77550,17393,50742,26808,7263,170,-2322.0
48887,98372,62829,12935,48048,14781,2276,21,409.0
44276,79471,46500,8917,39498,7002,475,2,2388.0
43903,78566,45887,8790,39034,6853,498,1,2434.0
47443,106513,73520,16076,50584,22936,5345,111,-1626.0
39820,111122,90447,22609,45240,45207,20642,1508,-3464.0
47329,106827,74057,16255,50584,23473,5659,137,-1696.0
37476,109699,94301,24807,39760,54541,30179,3174,-2729.0
46971,88140,53381,10527,43600,9781,940,1,1685.0
35756,104920,100876,31153,14834,86042,75252,19804,559.0
40378,110939,89341,22143,45824,43517,19291,1280,-3363.0
47292,90170,55280,11010,44500,10780,1170,8,1392.0
47572,106026,72850,15875,50450,22400,5126,80,-1479.0
42095,110974,86352,20795,47934,38418,15106,805,-3322.0
16290,25359,13143,2268,12678,465,3,0,1806.0
43206,76948,44776,8552,38240,6536,468,2,2482.0
35727,105366,100386,30341,18726,81660,67914,16189,406.0
47800,105375,71828,15555,50326,21502,4723,78,-1302.0
45987,109327,78702,17794,50640,28062,8047,211,-2432.0
43598,110084,82841,19408,49234,33607,11616,470,-3053.0
41178,111158,87818,21382,47344,40474,16470,922,-3544.0
48727,102185,67204,14150,49508,17696,3169,27,-404.0
48248,103882,69598,14867,49994,19604,3894,60,-903.0
41830,111156,86959,21030,47738,39221,15680,886,-3397.0
33548,55406,30280,5482,27668,2612,70,0,2940.0
47667,105376,71951,15600,50302,21649,4772,81,-1358.0
39334,110783,90921,22884,44538,46383,21707,1620,-3412.0
12838,19837,10209,1750,9918,291,1,0,1460.0
45475,83176,49392,9587,41262,8130,652,5,2104.0
43959,79316,46612,8972,39392,7220,532,1,2283.0
39578,110850,90910,22898,44432,46478,21986,1666,-3260.0
31906,52365,28460,5127,26158,2302,49,0,2874.0
41481,72917,41984,7948,36280,5704,357,1,2600.0
48909,100515,65181,13579,48888,16293,2739,29,-4.0
41533,110995,87284,21202,47356,39928,16283,937,-3380.0
35610,106289,99458,29003,24898,74560,56493,11160,-224.0
46236,108467,77314,17342,50576,26738,7315,178,-2259.0
46855,87994,53335,10526,43514,9821,966,1,1670.0
40735,110884,88531,21774,46418,42113,18048,1101,-3392.0
35684,105193,100590,30624,17436,83154,70321,17334,457.0
45468,109892,80063,18277,50464,29599,8964,280,-2638.0
39378,67615,38191,7114,33698,4493,219,0,2840.0
37024,109256,94884,25206,38532,56352,32192,3600,-2554.0
35934,104547,101340,32622,6948,94392,90651,28776,105.0
46490,86553,52088,10217,42874,9214,805,0,1808.0
45255,109560,79804,18204,50384,29420,8792,281,-2705.0
39339,110772,91175,23032,44158,47017,22456,1761,-3290.0
43650,110581,83246,19489,49558,33688,11465,440,-3174.0
47840,103022,69034,14747,49586,19448,3850,44,-895.0
32768,54098,29553,5348,27018,2535,62,0,2875.0
46218,85610,51350,10050,42400,8950,810,2,1908.0
35594,106297,99277,28860,25394,73883,55509,10772,-286.0
40956,111268,88724,21811,46582,42142,18104,1172,-3399.0
48717,99873,64603,13426,48650,15953,2573,25,21.0
36392,108461,96162,26126,35568,60594,37325,4890,-2033.0
43867,109952,82196,19151,49486,32710,10980,461,-3040.0
48050,105092,71274,15380,50268,21006,4556,78,-1148.0
38134,64967,36452,6751,32398,4054,171,0,2868.0
40251,110836,89338,22153,45758,43580,19320,1293,-3400.0
7604,11572,5869,992,5786,83,0,0,909.0
45697,109724,79482,18050,50664,28818,8396,223,-2595.0
48692,101800,66792,14037,49362,17430,3076,36,-353.0
44544,109781,81080,18704,49936,31144,9909,330,-2861.0
36083,107777,97331,27043,32404,64927,42969,6491,-1406.0
46869,107843,75772,16800,50744,25028,6355,129,-2002.0
34746,58175,32179,5889,29024,3155,127,0,2861.0
47759,106225,72876,15863,50574,22302,5077,91,-1453.0
35575,106064,99538,29177,24014,75524,58036,11817,-128.0
44061,110230,82169,19085,49828,32341,10574,403,-3085.0
37457,109571,93948,24632,40104,53844,29363,2949,-2798.0
1980,2984,1499,251,1492,7,0,0,244.0
44649,110474,81904,18965,50018,31886,10438,403,-2886.0
40649,111005,88843,21901,46280,42563,18445,1197,-3414.0
47745,103940,70201,15092,49850,20351,4240,67,-1086.0
35686,105296,100416,30385,18522,81894,68252,16322,421.0
48475,101244,66373,13938,49118,17255,3008,25,-334.0
43194,77159,44983,8601,38360,6623,439,0,2417.0
47300,107191,74423,16339,50812,23611,5567,102,-1807.0
48654,101813,66875,14071,49324,17551,3165,40,-355.0
43274,111133,84689,20041,49132,35557,12869,564,-3211.0
39398,110489,90547,22776,44438,46109,21613,1600,-3320.0
32014,52499,28520,5137,26218,2302,63,0,2898.0
42569,110870,85461,20428,48354,37107,14162,751,-3268.0
35617,106380,99135,28725,25920,73215,54540,10403,-353.0
41655,110813,86704,20959,47654,39050,15505,827,-3413.0
40921,110890,88260,21656,46584,41676,17722,1067,-3365.0
35808,107294,98058,27630,30336,67722,46622,7588,-1058.0
14902,23059,11884,2040,11528,356,3,0,1687.0
47003,108012,75773,16776,50890,24883,6232,137,-2012.0
38724,66498,37552,6992,33152,4400,194,0,2786.0
48708,97560,62077,12740,47714,14363,2132,24,485.0
35608,106001,99536,29203,23854,75682,58293,11874,-60.0
38348,110268,92853,23953,41988,50865,26292,2400,-3020.0
35646,106087,99545,29214,23806,75739,58475,12060,-110.0
37578,109708,94222,24789,39710,54512,30288,3262,-2697.0
46993,88495,53792,10647,43702,10090,1091,5,1643.0
32778,54153,29606,5362,27040,2566,73,0,2869.0
47405,106887,74042,16238,50656,23386,5575,105,-1678.0
42369,111108,86125,20679,48176,37949,14756,779,-3293.0
48333,102169,67610,14309,49366,18244,3437,37,-535.0
35669,106154,99539,29141,24232,75307,57690,11611,-87.0
36607,108732,96459,26232,35526,60933,37680,4877,-1898.0
40607,110967,88698,21827,46434,42264,18099,1151,-3489.0
48290,93785,58305,11744,46146,12159,1493,12,1066.0
37085,109222,94982,25290,38224,56758,32774,3751,-2445.0
27844,44864,23995,4262,22418,1577,28,0,2713.0
43437,110811,83923,19754,49322,34601,12167,525,-3205.0
42466,110894,85682,20518,48256,37426,14382,738,-3264.0
41591,111206,87342,21182,47592,39750,16022,909,-3455.0
48639,97484,62012,12717,47722,14290,2040,17,450.0
44062,110097,82192,19131,49598,32594,10901,412,-2974.0
14154,21913,11298,1940,10956,342,1,0,1599.0
36098,107784,97638,27229,31902,65736,43980,6750,-1277.0
44365,80153,47143,9079,39812,7331,529,1,2276.0
35735,105128,100522,30610,17384,83138,70360,17313,519.0
46933,108790,76734,17053,51150,25584,6490,135,-2176.0
43433,110773,83930,19763,49282,34648,12209,497,-3173.0
48041,93465,58157,11718,46006,12151,1453,5,1015.0
21118,33297,17463,3047,16644,819,9,0,2237.0
35750,106951,98673,28196,28170,70503,50611,9028,-724.0
45306,109589,79837,18218,50366,29471,8857,268,-2664.0
38005,109977,93610,24422,40688,52922,28601,2885,-2784.0
43991,110546,82841,19341,49636,33205,11274,465,-3055.0
17304,26936,13960,2409,13466,494,4,0,1919.0
48550,101746,66928,14101,49250,17678,3246,38,-369.0
10908,16812,8631,1476,8406,225,0,0,1251.0
42127,111094,86430,20808,48012,38418,15070,805,-3345.0
39564,67984,38405,7152,33898,4507,188,0,2833.0
48497,96044,60598,12351,47090,13508,1864,7,700.0
19982,31383,16398,2851,15690,708,3,0,2146.0
39955,110909,89986,22434,45368,44618,20173,1391,-3402.0
47986,105466,71726,15504,50428,21298,4610,74,-1258.0
45429,109289,79239,18004,50454,28785,8381,225,-2625.0
37278,109599,94516,24917,39530,54986,30539,3192,-2722.0
36923,109236,95442,25527,37722,57720,33792,3997,-2398.0
45762,109283,78931,17895,50492,28439,8299,240,-2485.0
44098,110306,82300,19138,49772,32528,10762,418,-3046.0
46737,108035,76255,16983,50612,25643,6811,177,-2026.0
35802,60141,33354,6117,30006,3348,129,0,2898.0
45358,109918,80062,18252,50612,29450,8694,246,-2750.0
37478,109762,94398,24848,39708,54690,30346,3238,-2734.0
35660,105330,100319,30240,19198,81121,66934,15644,409.0
47793,90523,55227,10958,44706,10521,1111,9,1539.0
26286,42223,22524,3992,21096,1428,31,0,2595.0
48035,93709,58470,11813,46062,12408,1585,7,983.0
44188,79323,46418,8902,39424,6994,475,2,2381.0
48426,96458,61175,12528,47182,13993,2094,14,615.0
23016,36502,19245,3374,18246,999,10,0,2385.0
35618,105447,100249,30123,19760,80489,65927,15264,297.0
48906,98527,62920,12944,48176,14744,2175,20,355.0
35956,107708,97796,27343,31534,66262,44640,7020,-1299.0
48595,97188,61736,12647,47590,14146,2008,13,496.0
39564,68178,38614,7208,33980,4634,218,0,2792.0
47814,92187,57006,11434,45408,11598,1371,8,1199.0
37904,109899,93625,24428,40682,52943,28535,2818,-2798.0
48147,104195,70108,15031,50030,20078,4135,59,-971.0
48691,100224,65036,13552,48760,16276,2704,29,-49.0
36693,108799,95741,25795,36712,59029,35375,4301,-2160.0
36649,108606,96291,26215,35292,60999,38022,5119,-1881.0
42082,110882,86105,20686,48094,38011,14694,750,-3381.0
35813,107309,98363,27836,29710,68653,47889,8041,-969.0
34398,57175,31420,5716,28544,2876,87,0,2927.0
42431,111156,86000,20601,48394,37606,14368,689,-3326.0
46537,108335,76734,17119,50754,25980,6827,149,-2183.0
37331,109613,94813,25116,38930,55883,31753,3571,-2585.0
47697,90848,55652,11077,44842,10810,1164,7,1424.0
42220,111074,86317,20770,48014,38303,15046,820,-3307.0
48750,101099,65977,13812,49082,16895,2935,36,-184.0
46743,107600,75579,16747,50676,24903,6248,117,-2025.0
47252,107313,74607,16396,50838,23769,5637,114,-1850.0
43904,78874,46193,8866,39190,7003,494,0,2357.0
46206,85564,51310,10040,42380,8930,804,2,1912.0
25546,40783,21635,3815,20380,1255,23,0,2583.0
35578,106227,99394,28967,24986,74408,56255,11036,-222.0
38340,110355,92704,23842,42356,50348,25643,2290,-3153.0
47033,88050,53246,10490,43552,9694,946,3,1739.0
44100,79267,46446,8919,39378,7068,511,2,2360.0
26364,42320,22561,3996,21146,1415,28,0,2609.0
40659,111198,89245,22061,46124,43121,18950,1245,-3355.0
42747,110586,84776,20163,48574,36202,13438,625,-3226.0
46119,107867,76744,17195,50318,26426,7231,199,-2199.0
46458,109477,78223,17575,50996,27227,7485,204,-2371.0
38201,110204,93300,24210,41340,51960,27524,2687,-2913.0
47064,88639,53849,10648,43810,10039,1019,2,1626.0
48673,97967,62517,12852,47922,14595,2123,9,371.0
43675,110366,83085,19470,49350,33735,11666,477,-3076.0
37931,109915,93521,24368,40834,52687,28247,2759,-2831.0
38338,110213,92660,23852,42208,50452,25797,2264,-3067.0
32628,54150,29720,5401,27034,2686,82,0,2797.0
47682,105649,72209,15661,50452,21757,4745,68,-1419.0
44628,110848,82346,19085,50182,32164,10484,364,-2959.0
22412,35752,18953,3340,17866,1087,20,0,2273.0
35993,107644,97797,27374,31350,66447,44944,7099,-1228.0
45692,109693,79392,18009,50730,28662,8233,198,-2618.0
45315,109820,80165,18330,50350,29815,9120,305,-2670.0
35907,107548,97945,27478,31022,66923,45504,7233,-1174.0
44792,109771,80588,18482,50284,30304,9203,254,-2873.0
44521,110482,81958,18971,50090,31868,10302,379,-2974.0
46492,107889,76376,17049,50458,25918,6973,174,-2070.0
39553,110710,90710,22839,44386,46324,21938,1739,-3286.0
47787,105427,71866,15561,50366,21500,4695,91,-1335.0
46426,86465,52077,10226,42798,9279,869,4,1812.0
45118,81533,47971,9242,40490,7481,553,0,2314.0
37136,109297,95222,25423,37906,57316,33485,3954,-2362.0
35671,105746,100087,29790,21434,78653,62878,13793,222.0
38410,65473,36744,6805,32658,4086,157,0,2876.0
47775,93148,58088,11730,45796,12292,1556,9,985.0
35934,104545,101343,32606,7050,94293,90445,28632,126.0
35948,107716,97885,27390,31430,66455,44856,7064,-1273.0
48488,104320,69889,14932,50186,19703,3948,52,-875.0
35907,107521,97912,27466,31028,66884,45465,7215,-1168.0
37184,109446,94861,25162,38750,56111,31946,3560,-2563.0
48531,96599,61173,12505,47316,13857,1967,15,600.0
35918,104580,101279,32323,8620,92659,87340,26710,294.0
47527,105466,72233,15703,50248,21985,4970,97,-1409.0
39844,68916,39151,7327,34340,4811,236,0,2752.0
48360,102617,68048,14422,49564,18484,3489,58,-631.0
37761,109652,93709,24534,40214,53495,29224,2979,-2716.0
48279,100444,65593,13723,48848,16745,2748,21,-295.0
37846,109892,93351,24260,41142,52209,27608,2614,-2955.0
37683,109932,93872,24523,40606,53266,28720,2877,-2900.0
41099,110917,88019,21553,46720,41299,17477,1083,-3352.0
42861,75491,43532,8251,37558,5974,375,1,2651.0
46581,107281,75365,16701,50524,24841,6233,129,-2036.0
46705,87673,53131,10486,43346,9785,981,5,1677.0
47611,107175,74193,16269,50772,23421,5631,119,-1640.0
44349,110136,81777,18944,49890,31887,10356,367,-2954.0
31132,51002,27680,4981,25474,2206,54,0,2829.0
46920,88032,53343,10529,43512,9831,1008,4,1702.0
44795,109976,81002,18649,50110,30892,9756,341,-2828.0
48451,101945,67133,14141,49420,17713,3105,35,-502.0
48313,101846,67166,14164,49348,17818,3150,27,-531.0
39933,110850,90095,22516,45094,45001,20662,1515,-3338.0
41950,111027,86778,20985,47646,39132,15735,872,-3284.0
43557,78009,45575,8730,38770,6805,469,1,2393.0
46562,86841,52347,10284,42990,9357,861,4,1784.0
40913,110993,88504,21761,46442,42062,18109,1145,-3337.0
40924,71226,40670,7644,35476,5194,274,0,2724.0
45801,109383,78986,17904,50548,28438,8287,253,-2500.0
41730,111037,86921,21022,47710,39211,15617,836,-3408.0
21914,34733,18302,3207,17362,940,9,0,2276.0
22126,34929,18337,3202,17462,875,5,0,2332.0
47044,107332,74937,16529,50700,24237,5932,104,-1880.0
1892,2852,1433,240,1426,7,0,0,233.0
39134,110598,91299,23112,43926,47373,22746,1762,-3277.0
44452,110586,82191,19052,50070,32121,10446,372,-2995.0
45510,83291,49524,9628,41280,8244,731,0,2115.0
35944,107621,97734,27326,31512,66222,44597,6970,-1269.0
44355,110184,81784,18936,49952,31832,10280,365,-2981.0
46470,86263,51828,10157,42714,9114,835,0,1878.0
35600,106194,99470,29053,24622,74848,56950,11332,-177.0
40332,69906,39784,7457,34826,4958,254,0,2753.0
2896,4372,2200,369,2186,14,0,0,355.0
46089,109253,78411,17678,50754,27657,7745,197,-2431.0
29564,48162,26008,4659,24062,1946,38,0,2751.0
44732,110105,81273,18743,50088,31185,9929,330,-2843.0
43101,110726,84243,19894,49122,35121,12482,531,-3276.0
13728,21208,10912,1870,10604,308,0,0,1562.0
48471,104341,69967,14965,50144,19823,4053,63,-868.0
41933,73487,42204,7972,36576,5628,335,1,2678.0
42904,111060,85017,20185,48924,36093,13212,628,-3324.0
31864,52128,28252,5077,26042,2210,44,0,2911.0
35643,105689,99994,29763,21410,78584,62869,13863,185.0
37384,63184,35212,6483,31526,3686,132,0,2929.0
40536,70576,40310,7578,35152,5158,272,0,2692.0
44740,109956,80847,18564,50310,30537,9336,296,-2933.0
48496,102112,67289,14182,49486,17803,3140,28,-509.0
34510,57451,31614,5758,28680,2934,91,0,2915.0
46021,108529,77706,17497,50430,27276,7669,189,-2299.0
35604,105304,100413,30311,18960,81453,67384,15840,402.0
36316,108277,96769,26556,34202,62567,39873,5610,-1748.0
44664,110510,81870,18935,50130,31740,10250,356,-2911.0
41263,111207,88184,21583,46870,41314,17467,1079,-3343.0
37179,109539,95012,25220,38704,56308,32131,3611,-2568.0
44895,110398,81309,18709,50364,30945,9670,337,-2903.0
23302,37079,19606,3446,18536,1070,7,0,2383.0
48571,104561,69978,14927,50394,19584,3773,55,-939.0
44784,109721,80726,18571,50026,30700,9669,322,-2782.0
47691,106712,73568,16080,50656,22912,5400,101,-1533.0
38364,110249,92782,23919,42050,50732,26149,2358,-3022.0
47746,106279,72951,15885,50592,22359,5095,88,-1467.0
48767,98460,62990,12978,48112,14878,2236,17,319.0
47973,104333,70477,15161,49988,20489,4357,73,-1044.0
48372,94800,59350,12023,46562,12788,1676,12,899.0
41731,72886,41728,7859,36302,5426,282,1,2714.0
36630,61909,34501,6352,30890,3611,129,0,2870.0
41906,110942,86616,20916,47736,38880,15470,842,-3336.0
36581,108578,96162,26111,35658,60504,37262,4815,-1946.0
46875,108160,76090,16881,50894,25196,6372,133,-2076.0
38703,110405,91922,23446,43168,48754,24069,1987,-3226.0
32602,53827,29403,5320,26886,2517,55,0,2858.0
39128,110826,91446,23123,44154,47292,22518,1724,-3375.0
23064,36444,19150,3347,18218,932,8,0,2423.0
39290,110647,91236,23086,43956,47280,22735,1748,-3207.0
48319,100394,65580,13735,48750,16830,2894,29,-230.0
48724,102376,67443,14223,49548,17895,3280,40,-432.0
35792,104821,100872,31287,14022,86850,76777,20658,556.0
47757,104921,71321,15408,50194,21127,4533,65,-1251.0
34790,58217,32189,5889,29044,3145,129,0,2873.0
36719,108853,95298,25532,37404,57894,34045,4051,-2368.0
35885,104606,101178,32016,10260,90918,84086,24743,441.0
35754,105044,100669,30871,16112,84557,72820,18626,508.0
47797,104893,71325,15424,50106,21219,4681,81,-1195.0
41699,111209,87291,21167,47580,39711,16049,891,-3386.0
43711,77525,44956,8561,38546,6410,433,3,2581.0
39124,110620,91301,23106,43966,47335,22688,1760,-3301.0
38914,110687,92044,23482,43196,48848,24295,2140,-3211.0
37935,109994,93637,24416,40778,52859,28438,2833,-2838.0
35884,107570,97993,27501,30980,67013,45610,7292,-1194.0
24320,38696,20462,3597,19342,1120,12,0,2489.0
48607,98853,63550,13140,48260,15290,2333,19,164.0
6380,9700,4915,830,4850,65,0,0,765.0
35748,105038,100759,30936,15902,84857,73234,18780,533.0
42362,74953,43352,8233,37306,6046,341,0,2528.0
48859,95073,59210,11945,46750,12460,1573,7,1051.0
36916,109028,95341,25566,37286,58055,34456,4304,-2337.0
48639,105371,70994,15244,50524,20470,4323,79,-982.0
43790,78320,45726,8757,38910,6816,500,2,2439.0
47223,106711,73983,16230,50586,23397,5539,107,-1735.0
37572,109686,94159,24753,39800,54359,30086,3188,-2708.0
38605,110380,92523,23790,42306,50217,25768,2383,-3042.0
47033,108454,76278,16925,51006,25272,6442,163,-2068.0
27744,44738,23941,4254,22358,1583,22,0,2693.0
43099,76756,44651,8524,38158,6493,440,1,2470.0
44622,110471,81788,18898,50188,31600,10095,352,-2959.0
44660,110553,81873,18929,50172,31701,10209,386,-2949.0
47833,106968,73647,16072,50862,22785,5244,91,-1560.0
48356,104919,70717,15181,50348,20369,4223,62,-1027.0
35929,104556,101323,32469,7832,93491,88892,27643,227.0
48177,94422,59110,11973,46382,12728,1658,11,892.0
47727,92757,57698,11627,45634,12064,1489,11,1041.0
48336,104817,70622,15156,50308,20314,4201,58,-1015.0
46541,107722,76087,16951,50468,25619,6786,163,-2045.0
43241,76757,44532,8482,38172,6360,413,1,2534.0
37054,109236,95515,25597,37448,58067,34340,4134,-2264.0
48323,102259,67632,14296,49488,18144,3283,35,-600.0
45046,109994,80758,18551,50210,30548,9574,318,-2741.0
35684,106120,99580,29227,23798,75782,58524,12052,-83.0
44065,110701,82871,19320,49822,33049,11057,413,-3085.0
40112,110724,89418,22199,45642,43776,19440,1256,-3393.0
42863,75612,43646,8278,37624,6022,364,1,2619.0
45327,109332,79459,18094,50354,29105,8624,253,-2640.0
48649,103939,69344,14776,50032,19312,3875,61,-722.0
5128,7784,3938,664,3892,46,0,0,618.0
45520,83946,50199,9803,41580,8619,786,0,1970.0
45774,108751,78096,17607,50550,27546,7651,200,-2488.0
35312,58894,32467,5924,29390,3077,114,0,2961.0
44366,80291,47290,9118,39872,7418,547,0,2247.0
43172,111042,84732,20081,48978,35754,13086,632,-3219.0
22072,34832,18282,3192,17412,870,8,0,2330.0
48216,104648,70489,15116,50282,20207,4084,52,-1059.0
37115,109521,95163,25301,38520,56643,32481,3683,-2544.0
41141,110937,87839,21460,46918,40921,17101,1057,-3417.0
39614,110874,90780,22826,44604,46176,21666,1622,-3306.0
35650,105786,99943,29668,21878,78065,62030,13494,139.0
35881,107431,98065,27608,30482,67583,46467,7585,-1093.0
47363,89882,54931,10916,44366,10565,1150,5,1496.0
47504,89169,54024,10658,44100,9924,969,2,1701.0
39640,110720,90580,22767,44558,46022,21604,1616,-3267.0
35628,106299,99257,28864,25330,73927,55639,10854,-278.0
43072,110969,84646,20037,49070,35576,12829,578,-3288.0
48897,102356,67292,14174,49540,17752,3276,39,-341.0
38997,110628,91691,23300,43582,48109,23464,1895,-3240.0
35745,105028,100722,30876,16188,84534,72652,18431,563.0
37256,109494,94175,24753,39832,54343,29830,3056,-2816.0
35642,105855,99949,29602,22286,77663,61283,13088,134.0
46706,88109,53587,10605,43544,10043,1021,4,1579.0
35846,60169,33339,6108,30030,3309,109,0,2908.0
48284,94084,58645,11838,46262,12383,1560,8,1007.0
40226,110913,89563,22252,45614,43949,19685,1364,-3376.0
48103,105359,71535,15451,50364,21171,4631,83,-1172.0
37267,109477,94522,24961,39278,55244,30921,3287,-2649.0
47203,108154,75776,16773,50914,24862,6326,185,-1948.0
35631,106348,99298,28855,25466,73832,55416,10713,-274.0
41393,111077,87626,21350,47152,40474,16773,1057,-3408.0
47825,90350,55005,10894,44646,10359,1058,7,1586.0
35516,106280,99349,28886,25382,73967,55516,10736,-301.0
36423,108445,96251,26191,35356,60895,37733,4991,-1962.0
43924,110546,82800,19303,49782,33018,10982,392,-3125.0
25436,40860,21789,3859,20424,1365,12,0,2506.0
47375,107323,74554,16383,50810,23744,5703,119,-1777.0
45590,110194,80184,18278,50700,29484,8794,286,-2698.0
35769,107449,97899,27458,31050,66849,45349,7197,-1239.0
36053,108026,97286,26897,33190,64096,41646,6031,-1584.0
35728,104934,100791,31050,15282,85509,74370,19376,535.0
47149,89917,55132,10981,44378,10754,1161,5,1383.0
47511,91286,56309,11273,44980,11329,1326,9,1261.0
45788,109938,79589,18059,50824,28765,8290,204,-2620.0
47961,102154,67888,14406,49340,18548,3474,43,-711.0
36172,108091,96985,26721,33644,63341,40803,5838,-1655.0
40802,70953,40488,7606,35340,5148,273,0,2731.0
47969,106721,73237,15946,50798,22439,5125,93,-1461.0
48516,99917,64855,13516,48614,16241,2689,26,-62.0
35622,105337,100376,30300,18952,81424,67433,15948,361.0
26894,43427,23270,4140,21700,1570,27,0,2597.0
15050,23313,12026,2066,11656,370,1,0,1697.0
44952,109682,80475,18472,50118,30357,9446,288,-2727.0
41799,73340,42156,7968,36504,5652,332,1,2647.0
47393,107428,74676,16420,50832,23844,5764,119,-1779.0
35911,104584,101221,32131,9656,91565,85272,25421,417.0
38133,110139,93327,24238,41226,52101,27687,2741,-2917.0
36067,107836,97722,27256,31908,65814,44020,6765,-1303.0
35658,106809,98649,28197,28116,70533,50577,8940,-699.0
48067,93616,58352,11781,46018,12334,1580,5,1022.0
48395,106303,72308,15639,50782,21526,4739,91,-1239.0
36314,108340,96690,26481,34494,62196,39352,5454,-1817.0
43727,110664,83428,19578,49388,34040,11888,513,-3087.0
35726,105023,100741,30896,16106,84635,72811,18524,548.0
46768,108038,76080,16894,50796,25284,6446,140,-2084.0
47055,108113,75913,16829,50852,25061,6409,151,-1974.0
48345,103495,69057,14702,49902,19155,3691,33,-795.0
47168,105625,72831,15920,50142,22689,5341,118,-1546.0
35584,106120,99463,29094,24362,75101,57396,11556,-167.0
40345,111090,89706,22296,45636,44070,19818,1379,-3335.0
43780,78421,45813,8774,38982,6831,457,2,2398.0
40525,111310,89547,22179,46020,43527,19270,1339,-3417.0
46078,108670,77659,17444,50654,27005,7362,178,-2377.0
41852,110817,86279,20768,47950,38329,14917,810,-3454.0
42239,110807,85784,20566,48172,37612,14463,767,-3350.0
41747,110840,86718,20978,47568,39150,15704,885,-3353.0
35813,107159,98258,27826,29560,68698,48039,8081,-914.0
40746,111221,88898,21876,46540,42358,18141,1112,-3453.0
48266,105494,71500,15419,50486,21014,4522,74,-1147.0
48071,104950,71080,15321,50234,20846,4482,77,-1120.0
38267,110130,92597,23831,42208,50389,25714,2253,-3097.0
48277,103058,68683,14618,49658,19025,3742,51,-716.0
48585,93475,57767,11589,46000,11767,1475,9,1288.0
46187,108693,77566,17406,50696,26870,7301,183,-2346.0
35775,106925,98654,28207,28066,70588,50793,9115,-703.0
45590,109538,79428,18060,50496,28932,8546,254,-2580.0
35158,58671,32342,5898,29296,3046,79,0,2931.0
46983,108220,76069,16872,50906,25163,6408,157,-2040.0
47778,105106,71435,15422,50338,21097,4430,70,-1315.0
48706,98064,62593,12870,47966,14627,2132,10,365.0
48478,99673,64634,13462,48496,16138,2681,28,-23.0
48295,100475,65654,13748,48820,16834,2835,23,-274.0
42497,110729,85240,20340,48440,36800,13849,721,-3332.0
36792,108821,95974,25963,36170,59804,36481,4658,-2018.0
38099,110016,93109,24133,41420,51689,27176,2561,-2941.0
37432,63528,35530,6562,31688,3842,152,0,2872.0
37122,109197,94896,25251,38286,56610,32625,3696,-2430.0
48233,94287,58960,11939,46286,12674,1715,13,967.0
46407,107646,76096,16957,50450,25646,6746,157,-2100.0
44290,79928,46985,9047,39688,7297,552,2,2300.0
36325,108261,96560,26414,34636,61924,38989,5269,-1790.0
46866,108086,76038,16873,50838,25200,6410,138,-2055.0
48075,94927,59734,12146,46592,13142,1743,11,736.0
45070,82095,48596,9408,40744,7852,607,0,2163.0
38703,110442,92154,23577,42846,49308,24750,2181,-3162.0
39178,110701,91570,23242,43688,47882,23325,1880,-3195.0
37236,109411,94577,25001,39148,55429,31115,3286,-2599.0
44986,81353,47910,9240,40380,7530,593,0,2303.0
47662,105631,72291,15708,50334,21957,4963,100,-1386.0
46711,87641,53106,10482,43320,9786,1001,3,1694.0
39602,67939,38333,7132,33874,4459,191,0,2864.0
17634,27465,14242,2459,13730,512,5,0,1952.0
38119,110263,93437,24252,41362,52075,27539,2675,-2959.0
45514,109822,79893,18216,50490,29403,8842,286,-2631.0
29360,47794,25793,4618,23878,1915,38,0,2741.0
47885,93050,57872,11660,45784,12088,1482,7,1047.0
48345,98539,63464,13143,48070,15394,2399,21,127.0
35613,106000,99585,29238,23742,75843,58516,11951,-40.0
23112,36728,19400,3407,18358,1042,12,0,2377.0
37218,109385,94783,25142,38714,56069,31957,3556,-2526.0
4972,7520,3791,637,3760,31,0,0,606.0
48395,96187,60816,12412,47160,13656,1867,11,612.0
35833,104770,100956,31463,13134,87822,78502,21587,556.0
45575,84035,50239,9808,41630,8609,775,3,1971.0
48116,104557,70598,15186,50080,20518,4397,94,-1029.0
49241,100877,65250,13564,49116,16134,2645,25,50.0
36443,108670,96494,26259,35434,61060,37802,4993,-1992.0
35765,107302,98254,27730,30128,68126,47046,7663,-1013.0
40870,111134,88586,21756,46636,41950,17862,1102,-3434.0
42123,110811,85936,20627,48110,37826,14591,771,-3379.0
36134,107990,97105,26834,33206,63899,41578,6098,-1585.0
35866,104685,101115,31756,11694,89421,81297,23092,540.0
46264,108959,77769,17446,50862,26907,7235,146,-2372.0
41774,110877,86524,20865,47858,38666,15161,804,-3444.0
45364,109535,79726,18182,50360,29366,8815,258,-2627.0
48915,100540,65080,13521,49034,16046,2472,13,-66.0
42437,110772,85560,20480,48240,37320,14292,707,-3255.0
48189,100488,65797,13804,48770,17027,2948,31,-306.0
48053,95140,60011,12229,46648,13363,1844,15,695.0
48276,95401,60048,12209,46842,13206,1717,6,714.0
48665,97455,61964,12703,47710,14254,2035,13,471.0
48705,98879,63513,13127,48264,15249,2351,17,212.0
36034,107701,97635,27258,31722,65913,44257,6892,-1290.0
35794,104840,100911,31297,14040,86871,76760,20618,568.0
40093,110925,89956,22441,45266,44690,20393,1461,-3317.0
21320,33626,17641,3079,16808,833,10,0,2256.0
48547,98285,63024,13013,47970,15054,2345,31,273.0
9060,13840,7045,1195,6920,125,0,0,1070.0
35592,105764,99919,29641,21992,77927,61780,13388,106.0
42487,110912,85514,20425,48478,37036,13956,681,-3336.0
48690,98989,63598,13140,48356,15242,2277,16,159.0
47814,105773,72296,15692,50440,21856,4893,84,-1355.0
35767,107196,98181,27750,29862,68319,47472,7901,-998.0
35887,104674,101128,31841,11210,89918,82254,23677,500.0
47822,105119,71516,15467,50230,21286,4659,88,-1248.0
42008,73198,41825,7864,36466,5359,266,0,2771.0
47562,105677,72351,15712,50430,21921,4817,84,-1476.0
36487,108716,96433,26211,35600,60833,37516,4901,-2007.0
47781,93764,58709,11887,46096,12613,1572,7,839.0
43769,110772,83429,19551,49552,33877,11668,467,-3125.0
34506,57197,31358,5693,28558,2800,81,0,2974.0
48625,98071,62726,12925,47902,14824,2267,13,355.0
46919,87224,52472,10295,43174,9298,876,1,1872.0
35937,104541,101361,32683,6624,94737,91293,29165,74.0
43033,110796,84405,19949,49116,35289,12564,531,-3307.0
46404,108789,77681,17472,50530,27151,7729,226,-2176.0
36068,107836,97396,27024,32648,64748,42540,6212,-1396.0
35604,106771,98763,28277,27864,70899,51043,9102,-681.0
28475,46040,24697,4398,23006,1691,28,1,2734.0
47040,107651,75299,16635,50788,24511,6075,146,-1947.0
19662,30895,16150,2809,15446,704,3,0,2108.0
47084,89196,54414,10794,44064,10350,1068,4,1508.0
37586,109602,94136,24775,39622,54514,30358,3274,-2655.0
46793,108062,76137,16922,50742,25395,6578,159,-2054.0
37345,109330,94385,24977,38908,55477,31514,3591,-2577.0
47360,107030,74194,16272,50756,23438,5518,100,-1748.0
48438,100678,65755,13766,48914,16841,2850,26,-251.0
17060,26580,13785,2380,13290,495,0,0,1885.0
39190,110474,91049,23023,43960,47089,22554,1746,-3258.0
47867,102371,68278,14536,49340,18938,3691,51,-762.0
42650,111090,85531,20408,48614,36917,13862,670,-3317.0
44610,81087,47933,9271,40240,7693,607,0,2185.0
35960,60348,33436,6126,30116,3320,116,0,2922.0
35936,104543,101353,32661,6740,94613,91063,29026,85.0
39809,110978,90411,22617,45120,45291,20738,1439,-3375.0
28466,46093,24758,4414,23032,1726,29,0,2717.0
35693,106547,99043,28605,26456,72587,53635,10069,-416.0
41564,73450,42468,8067,36534,5934,382,0,2515.0
48333,101389,66685,14042,49118,17567,3153,41,-413.0
46319,108705,77469,17373,50700,26769,7305,199,-2290.0
36583,108731,96214,26094,35864,60350,37003,4775,-2028.0
20030,31581,16559,2888,15790,769,1,0,2120.0
43318,77156,44876,8564,38368,6508,420,2,2474.0
45986,109004,78183,17615,50676,27507,7652,210,-2450.0
35691,105283,100403,30398,18418,81985,68447,16447,413.0
37700,109652,93664,24502,40316,53348,29020,2964,-2790.0
44669,80783,47574,9175,40098,7476,587,1,2285.0
47959,92789,57504,11550,45708,11796,1373,3,1124.0
47799,104085,70339,15134,49874,20465,4337,87,-1081.0
48520,95404,59910,12171,46794,13116,1816,16,855.0
40203,110946,89491,22198,45794,43697,19358,1309,-3450.0
28284,45714,24512,4363,22846,1666,22,0,2719.0
47632,91235,56133,11212,44994,11139,1247,2,1318.0
39550,110838,90765,22817,44628,46137,21582,1602,-3340.0
47793,91612,56457,11301,45108,11349,1396,11,1337.0
35824,104710,101056,31650,12212,88844,80286,22572,520.0
46260,108336,77025,17232,50658,26367,7020,168,-2283.0
35900,104603,101226,32175,9402,91824,85799,25802,348.0
35926,107483,97805,27426,31054,66751,45375,7228,-1178.0
36990,109132,95532,25626,37308,58224,34516,4154,-2236.0
38288,65102,36453,6737,32484,3969,134,0,2902.0
38327,110197,92632,23854,42140,50492,25917,2371,-3092.0
38449,110167,92527,23816,42158,50369,25851,2305,-3007.0
45701,108627,78076,17622,50420,27656,7787,225,-2472.0
35874,107491,97784,27388,31240,66544,45011,7076,-1221.0
47930,104681,70960,15311,50054,20906,4573,80,-1102.0
38242,65185,36592,6780,32504,4088,177,0,2869.0
42351,110750,85419,20400,48438,36981,13874,673,-3380.0
48557,101591,66702,14029,49230,17472,3131,49,-361.0
48306,94608,59239,12007,46436,12803,1736,10,930.0
41811,111326,87099,21054,47874,39225,15578,877,-3470.0
41875,110850,86491,20873,47744,38747,15362,845,-3357.0
45879,84980,50963,9972,42094,8869,792,5,1890.0
43808,111063,83737,19638,49646,34091,11771,474,-3156.0
47748,91117,55910,11145,44950,10960,1217,6,1396.0
42957,110640,84316,19936,49016,35300,12608,547,-3303.0
40171,111000,89972,22446,45268,44704,20464,1509,-3303.0
35854,107089,98559,28078,28650,69909,49789,8712,-754.0
35972,60108,33185,6062,29998,3187,112,0,2987.0
48217,103896,69677,14901,49948,19729,4000,75,-903.0
48755,99899,64609,13427,48656,15953,2587,23,38.0
47107,89102,54321,10774,43998,10323,1106,5,1552.0
46270,109436,78456,17678,50844,27612,7748,202,-2388.0
47144,107248,74697,16444,50730,23967,5788,116,-1851.0
31322,51463,28003,5051,25700,2303,63,0,2811.0
47766,105043,71527,15482,50162,21365,4719,68,-1232.0
44501,80621,47527,9171,40028,7499,565,1,2236.0
48394,101506,66755,14054,49186,17569,3134,30,-411.0
47168,90304,55572,11107,44502,11070,1300,8,1329.0
31628,51836,28141,5065,25892,2249,52,0,2868.0
43709,110583,83231,19489,49528,33703,11527,445,-3132.0
46249,108765,77522,17372,50812,26710,7141,169,-2366.0
40894,111176,88482,21689,46830,41652,17516,1042,-3489.0
48354,102620,68050,14419,49586,18464,3448,38,-635.0
7160,10912,5542,938,5456,86,0,0,852.0
39922,111148,90487,22630,45194,45293,20760,1466,-3369.0
34366,57299,31572,5757,28602,2970,95,0,2882.0
48576,102630,67871,14356,49606,18265,3418,48,-539.0
47074,88352,53537,10565,43684,9853,984,2,1694.0
44804,110078,81165,18704,50106,31059,9866,324,-2813.0
47880,91468,56198,11218,45088,11110,1292,8,1392.0
43167,110780,84476,20015,48862,35614,13056,609,-3152.0
31662,51961,28235,5085,25960,2275,41,0,2851.0
41744,111339,87219,21095,47868,39351,15603,818,-3471.0
21028,33152,17385,3033,16572,813,8,0,2228.0
37925,110023,93603,24384,40902,52701,28219,2781,-2879.0
41837,111195,87058,21070,47696,39362,15803,881,-3370.0
35907,104579,101238,32232,9084,92154,86411,26155,334.0
38271,110346,93110,24056,41884,51226,26578,2429,-3021.0
48375,99880,64952,13555,48574,16378,2732,17,-108.0
41437,110935,87401,21272,47170,40231,16595,1005,-3369.0
48740,103638,68839,14608,50030,18809,3578,44,-667.0
48487,100136,65184,13624,48624,16560,2888,41,-89.0
47372,107366,74675,16432,50758,23917,5850,116,-1751.0
36393,108450,96585,26389,34836,61749,38778,5279,-1861.0
47951,95167,60135,12271,46644,13491,1879,11,648.0
46907,108100,75974,16842,50896,25078,6308,133,-2061.0
41887,110684,86181,20750,47862,38319,14960,757,-3366.0
48370,103032,68455,14522,49778,18677,3476,50,-729.0
45523,109094,78795,17843,50532,28263,8030,229,-2619.0
35885,104658,101168,31939,10702,90466,83254,24271,456.0
35580,105762,99804,29557,22266,77538,61230,13184,65.0
18958,29767,15550,2703,14882,668,3,0,2038.0
48746,96191,60522,12308,47196,13326,1799,12,769.0
47805,106396,72981,15878,50694,22287,5008,87,-1488.0
1712,2572,1288,215,1286,2,0,0,213.0
39540,110936,91268,23069,44122,47146,22692,1812,-3197.0
41205,71785,41007,7708,35766,5241,253,1,2719.0
45631,108941,78702,17850,50304,28398,8333,243,-2458.0
43597,110857,83760,19674,49476,34284,11905,469,-3174.0
48080,97793,62941,13034,47678,15263,2437,14,194.0
35534,106083,99656,29256,23776,75880,58531,12056,-149.0
46738,108318,76431,16997,50880,25551,6558,150,-2146.0
43522,110675,83673,19673,49308,34365,12059,520,-3153.0
44075,110165,82110,19070,49800,32310,10565,375,-3050.0
46898,108831,76915,17133,51032,25883,6767,168,-2151.0
46196,109587,78661,17736,50906,27755,7775,222,-2466.0
11320,17408,8918,1522,8704,214,0,0,1308.0
45298,108991,79197,18047,50112,29085,8767,272,-2543.0
35820,104717,101066,31645,12262,88804,80193,22510,524.0
44845,110190,81198,18699,50202,30996,9786,335,-2846.0
39012,66374,37200,6883,33102,4098,170,0,2955.0
47241,106974,74367,16358,50586,23781,5802,103,-1724.0
36068,107775,97391,27068,32374,65017,43027,6462,-1384.0
39973,110929,90023,22454,45322,44701,20285,1425,-3387.0
42453,110738,85284,20346,48492,36792,13754,655,-3347.0
37126,109258,94828,25203,38438,56390,32382,3702,-2507.0
43901,110353,82585,19239,49736,32849,10881,377,-3106.0
35911,104578,101209,32177,9356,91853,85866,25825,365.0
48019,105714,71969,15568,50530,21439,4654,77,-1294.0
37297,109474,94727,25094,38890,55837,31694,3495,-2544.0
40497,70261,40020,7507,34998,5022,265,1,2749.0
37298,109326,94570,25074,38696,55874,31934,3666,-2532.0
48160,104937,70910,15249,50326,20584,4285,66,-1116.0
46077,85828,51686,10146,42496,9190,836,3,1789.0
16406,25515,13212,2278,12756,456,3,0,1825.0
47894,105752,72179,15650,50458,21721,4836,94,-1329.0
48422,92577,56891,11355,45652,11239,1273,8,1381.0
48306,103443,69023,14695,49876,19147,3691,48,-809.0
35896,107649,97844,27358,31540,66304,44569,6890,-1267.0
16970,26445,13718,2369,13222,496,1,0,1874.0
37213,109336,95144,25378,38020,57124,33296,3907,-2357.0
46547,107744,76125,16967,50448,25677,6848,177,-2039.0
47476,106492,73513,16082,50534,22979,5424,112,-1585.0
48052,93895,58627,11847,46172,12455,1551,6,937.0
35570,106283,99285,28876,25314,73971,55655,10864,-304.0
41608,110988,87218,21187,47314,39904,16360,992,-3349.0
16836,26168,13541,2333,13084,457,0,0,1876.0
5452,8264,4175,703,4132,43,0,0,660.0
40959,71208,40622,7629,35470,5152,268,1,2744.0
44395,80588,47597,9201,39988,7609,612,1,2203.0
45468,109821,79819,18169,50624,29195,8573,250,-2703.0
38600,110466,92504,23750,42508,49996,25450,2316,-3112.0
37948,110042,93462,24299,41130,52332,27782,2680,-2931.0
46880,108004,75943,16850,50786,25157,6432,156,-2031.0
35871,107137,98516,28041,28786,69730,49565,8667,-791.0
48415,103513,69066,14713,49854,19212,3805,51,-745.0
39858,110783,90240,22592,44928,45312,20927,1484,-3277.0
35680,106716,98947,28466,27098,71849,52520,9692,-555.0
16434,25573,13248,2285,12786,462,1,0,1824.0
36073,107679,97839,27407,31236,66603,45207,7185,-1174.0
48642,100491,65407,13665,48824,16583,2843,32,-107.0
35652,106634,99056,28552,26800,72256,53034,9808,-478.0
18454,28839,15000,2597,14418,582,3,0,2018.0
42100,110680,85715,20534,48226,37489,14228,672,-3399.0
48557,103851,69269,14747,50056,19213,3739,45,-772.0
14730,22759,11713,2008,11378,335,3,0,1676.0
35732,106880,98580,28143,28302,70278,50276,8852,-711.0
48275,97706,62609,12915,47728,14881,2250,21,263.0
41960,111335,87035,21035,47860,39175,15615,850,-3375.0
40945,111095,88213,21579,46952,41261,17191,1025,-3516.0
37366,109587,94672,25042,39092,55580,31403,3456,-2591.0
46409,87391,53071,10489,43208,9863,975,1,1600.0
45283,110091,80570,18460,50380,30190,9331,299,-2698.0
48379,95803,60420,12308,46992,13428,1819,11,688.0
48523,97079,61715,12655,47500,14215,2079,15,504.0
47226,106732,74034,16251,50562,23472,5608,110,-1723.0
43866,110245,82577,19264,49570,33007,11105,428,-3066.0
19330,30369,15874,2761,15182,692,5,0,2074.0
47122,89201,54430,10806,44024,10406,1153,8,1545.0
36534,108509,96047,26071,35668,60379,37173,4864,-1999.0
47608,105646,72365,15733,50332,22033,4982,88,-1406.0
46448,85443,50981,9936,42346,8635,751,2,2050.0
48824,98185,62637,12877,48012,14625,2161,14,399.0
39425,110796,91088,22993,44218,46870,22360,1759,-3276.0
35836,59944,33115,6051,29924,3191,96,0,2956.0
35747,104958,100718,30940,15796,84922,73366,18817,567.0
46324,108679,77454,17373,50670,26784,7339,202,-2274.0
37555,109724,94003,24630,40226,53777,29272,2921,-2796.0
38844,110716,92004,23419,43494,48510,23728,1924,-3287.0
37089,109316,95087,25309,38320,56767,32676,3667,-2449.0
44716,109837,80811,18572,50190,30621,9457,290,-2882.0
48055,92464,57061,11422,45590,11471,1284,5,1230.0
46428,108165,76579,17071,50732,25847,6701,154,-2229.0
36100,107943,97632,27170,32244,65388,43455,6618,-1381.0
43701,110466,83142,19479,49410,33732,11646,495,-3102.0
45791,84062,50065,9741,41684,8381,694,1,2053.0
47030,107619,75329,16653,50740,24589,6139,116,-1913.0
47429,107669,74922,16488,50916,24006,5837,125,-1806.0
35793,107061,98663,28141,28480,70183,50101,8805,-746.0
41996,73576,42243,7977,36624,5619,328,0,2686.0
40013,111138,90158,22476,45460,44698,20218,1439,-3443.0
34798,57903,31846,5797,28910,2936,83,0,2944.0
47811,106838,73549,16054,50774,22775,5290,101,-1532.0
48147,94617,59329,12030,46478,12851,1661,11,829.0
48967,100781,65381,13620,49042,16339,2697,31,-53.0
48085,104689,70685,15188,50242,20443,4205,57,-1107.0
47114,107755,75365,16649,50836,24529,6083,128,-1925.0
37344,109472,94670,25080,38860,55810,31752,3560,-2538.0
35823,104783,100980,31438,13332,87648,78119,21327,582.0
44228,110296,82258,19138,49688,32570,10920,436,-2948.0
45634,109931,79774,18141,50702,29072,8527,260,-2664.0
25172,40462,21596,3829,20218,1378,26,0,2477.0
45108,110147,80873,18582,50254,30619,9639,350,-2748.0
48152,105382,71407,15387,50492,20915,4398,80,-1210.0
44175,109831,81544,18882,49796,31748,10239,367,-2994.0
48826,100105,64793,13477,48724,16069,2657,28,37.0
35578,106071,99440,29096,24304,75136,57463,11572,-149.0
36048,107869,97223,26919,32932,64291,42005,6150,-1517.0
42420,111350,86380,20746,48284,38096,14782,728,-3296.0
6844,10404,5271,890,5202,69,0,0,821.0
42173,110999,86071,20649,48248,37823,14503,733,-3404.0
38942,110572,91929,23442,43206,48723,24160,2022,-3143.0
45486,109153,79077,17967,50352,28725,8449,248,-2557.0
36016,107951,97454,27016,32812,64642,42327,6198,-1497.0
48664,99982,64815,13498,48642,16173,2698,24,-1.0
39355,67528,38097,7086,33678,4419,172,1,2838.0
46264,85369,51060,9971,42294,8766,781,2,1984.0
45780,108814,78170,17631,50554,27616,7706,216,-2495.0
42616,111352,86026,20596,48476,37550,14400,752,-3306.0
37293,109490,94547,24985,39184,55363,31122,3379,-2635.0
40216,69790,39767,7463,34756,5011,278,0,2730.0
35598,106330,99318,28866,25440,73878,55450,10718,-280.0
47012,105707,73092,16010,50124,22968,5459,114,-1613.0
35631,105938,99770,29434,22936,76834,60066,12637,29.0
46464,86921,52532,10344,43000,9532,921,2,1731.0
47887,105891,72349,15697,50516,21833,4859,75,-1352.0
42677,111212,85558,20390,48776,36782,13660,635,-3367.0
35731,106559,99161,28707,26080,73081,54399,10399,-374.0
11732,18036,9237,1576,9018,219,0,0,1357.0
47032,107613,75197,16589,50860,24337,5893,118,-1973.0
47255,107727,75190,16587,50858,24332,6011,135,-1869.0
31120,50906,27595,4961,25424,2171,58,0,2848.0
46985,87945,53174,10474,43504,9670,937,1,1740.0
16386,25529,13240,2286,12764,476,1,0,1811.0
524,788,395,66,394,1,0,0,65.0
38031,110024,93167,24167,41332,51835,27360,2685,-2993.0
45349,82665,48997,9501,40988,8009,689,1,2180.0
45735,109575,79308,18010,50556,28752,8463,263,-2542.0
43953,110214,82423,19206,49610,32813,10994,431,-3044.0
20984,32982,17247,3001,16488,759,6,0,2248.0
38811,110393,91882,23444,43100,48782,24193,1999,-3144.0
48998,99784,64266,13315,48642,15624,2500,26,165.0
48456,99837,64841,13521,48556,16285,2725,22,-61.0
35629,106290,99412,28978,24956,74456,56378,11127,-227.0
46455,109020,77648,17395,50926,26722,7168,153,-2312.0
35842,104734,101104,31677,12146,88958,80442,22626,535.0
44830,110204,81224,18706,50212,31012,9780,330,-2856.0
38598,110428,92602,23812,42332,50270,25764,2346,-3040.0
45703,108642,78133,17647,50384,27749,7874,225,-2453.0
48425,96276,60902,12437,47182,13720,1912,15,614.0
38551,110193,91980,23515,42870,49110,24453,2035,-3177.0
37481,109434,94286,24901,39166,55120,31102,3451,-2568.0
35677,106317,99326,28925,25102,74224,56113,11053,-239.0
39115,110762,91661,23265,43732,47929,23298,1885,-3251.0
35597,105963,99718,29360,23276,76442,59411,12337,-8.0
34472,57336,31524,5737,28626,2898,84,0,2923.0
46588,108110,76429,17031,50672,25757,6766,164,-2124.0
48617,94417,58690,11819,46466,12224,1485,9,1071.0
39100,67336,38113,7110,33566,4547,204,0,2767.0
35769,106930,98679,28218,28050,70629,50830,9119,-700.0
48309,101269,66578,14014,49072,17506,3125,29,-396.0
35551,105967,99678,29304,23532,76146,58903,12103,-42.0
48631,95662,60048,12188,46968,13080,1726,5,829.0
32720,54224,29722,5395,27074,2648,76,0,2823.0
44673,110405,81770,18917,50038,31732,10329,393,-2879.0
45653,109321,79012,17910,50564,28448,8193,221,-2566.0
46974,108134,76101,16909,50748,25353,6638,162,-1968.0
43801,78351,45715,8745,38960,6755,431,1,2420.0
38772,110501,92279,23635,42748,49531,25005,2194,-3085.0
35612,106763,98668,28211,28070,70598,50623,8930,-694.0
46516,108705,77271,17299,50748,26523,7209,202,-2217.0
41966,110994,86519,20859,47884,38635,15226,818,-3368.0
35599,105727,99910,29629,22046,77864,61635,13247,153.0
48432,105105,70887,15229,50400,20487,4305,62,-1015.0
48327,94283,58797,11870,46374,12423,1535,11,971.0
38093,110065,93198,24169,41382,51816,27301,2597,-2943.0
43136,111384,85177,20208,49106,36071,13172,588,-3279.0
39614,110637,90439,22708,44630,45809,21377,1568,-3292.0
48441,101935,67203,14178,49338,17865,3259,41,-469.0
36194,108206,96798,26541,34350,62448,39506,5354,-1755.0
46911,108619,76658,17058,50968,25690,6683,159,-2108.0
39208,110553,91182,23074,43920,47262,22713,1762,-3237.0
36413,108493,96163,26106,35690,60473,37113,4769,-2023.0
48129,105976,72198,15631,50610,21588,4756,79,-1280.0
44994,109889,80408,18393,50458,29950,8973,296,-2880.0
39594,110755,90529,22719,44744,45785,21267,1552,-3351.0
40787,111121,88699,21808,46550,42149,18021,1123,-3443.0
44099,110834,83062,19393,49766,33296,11302,465,-3066.0
35860,104712,101091,31725,11832,89259,81048,23000,514.0
38596,110436,92459,23719,42604,49855,25228,2192,-3100.0
448,672,336,56,336,0,0,0,56.0
38177,110120,93024,24072,41616,51408,26888,2543,-2991.0
35768,104818,100902,31283,14106,86796,76606,20524,569.0
32820,54112,29523,5336,27030,2493,52,0,2895.0
47369,105873,72830,15879,50386,22444,5101,89,-1553.0
47169,107294,74837,16507,50632,24205,6030,127,-1795.0
44223,109980,81716,18938,49804,31912,10372,377,-2979.0
34914,58231,32089,5851,29072,3017,87,0,2921.0
48524,102847,68152,14436,49688,18464,3471,50,-607.0
41124,71384,40675,7632,35558,5117,268,0,2783.0
47145,107623,75170,16588,50812,24358,5999,125,-1896.0
42145,74295,42873,8131,36960,5913,375,1,2592.0
47544,90845,55794,11130,44808,10986,1229,10,1363.0
47020,107202,74833,16509,50612,24221,5978,124,-1858.0
35632,105706,100073,29786,21430,78643,62846,13776,213.0
46346,108450,77127,17267,50652,26475,7146,182,-2244.0
46549,87577,53145,10497,43308,9837,961,1,1620.0
42415,111324,86289,20715,48288,38001,14748,797,-3335.0
48237,95776,60569,12372,46906,13663,1964,15,658.0
48153,95645,60434,12326,46912,13522,1821,9,616.0
36901,108989,95493,25646,37110,58383,34769,4273,-2241.0
41212,111214,88065,21509,47076,40989,17062,1028,-3446.0
28150,45469,24367,4335,22724,1643,21,0,2713.0
45577,109588,79442,18048,50596,28846,8396,215,-2617.0
45689,110043,79852,18158,50756,29096,8531,253,-2660.0
30026,49145,26652,4793,24546,2106,53,0,2740.0
3692,5580,2811,472,2790,21,0,0,451.0
47657,91878,56828,11403,45238,11590,1402,11,1204.0
23026,36551,19287,3384,18270,1017,11,0,2378.0
48199,103710,69455,14831,49924,19531,3862,49,-887.0
41194,111221,88097,21528,47026,41071,17169,1084,-3458.0
47432,91751,56896,11441,45146,11750,1459,14,1136.0
36280,61110,33961,6238,30494,3467,122,0,2893.0
39355,110565,90955,22972,44078,46877,22409,1731,-3227.0
38482,65927,37181,6919,32848,4333,231,0,2817.0
42733,111231,85387,20305,48944,36443,13343,621,-3416.0
35870,104687,101101,31773,11564,89537,81559,23284,511.0
44296,110876,82917,19334,49830,33087,11216,460,-2997.0
40151,69378,39391,7370,34562,4829,254,1,2794.0
43354,77377,45092,8621,38458,6634,461,0,2448.0
48508,102767,68055,14404,49686,18369,3395,38,-608.0
37837,109876,93635,24429,40696,52939,28484,2807,-2833.0
47339,89309,54333,10757,44124,10209,1061,3,1606.0
29254,47519,25592,4573,23746,1846,27,0,2754.0
45861,108536,77829,17537,50436,27393,7664,191,-2383.0
14312,22094,11361,1946,11046,315,2,0,1633.0
35751,105040,100703,30944,15742,84961,73556,19069,470.0
37166,109390,95359,25465,37928,57431,33534,3898,-2330.0
29212,47364,25473,4547,23664,1809,36,0,2774.0
42107,74508,43115,8194,37066,6049,376,1,2520.0
45730,109497,79214,17981,50542,28672,8413,256,-2534.0
48533,100985,66036,13842,49020,17016,2945,29,-258.0
41016,70956,40304,7540,35368,4936,220,0,2824.0
41957,111095,86653,20898,47918,38735,15259,805,-3383.0
42886,111027,85016,20187,48910,36106,13207,600,-3312.0
47106,89205,54417,10796,44058,10359,1089,4,1522.0
46833,107936,75871,16822,50810,25061,6316,131,-2054.0
46336,108284,77005,17247,50528,26477,7228,188,-2190.0
35660,105444,100187,30070,19954,80233,65536,15040,333.0
39945,110894,89732,22298,45676,44056,19542,1299,-3515.0
41279,111186,87949,21463,47120,40829,16946,1001,-3421.0
48465,98881,63795,13238,48162,15633,2557,21,141.0
37760,64198,35951,6646,32026,3925,146,0,2867.0
47455,90784,55780,11126,44804,10976,1176,1,1325.0
35671,106450,99222,28776,25788,73434,54874,10549,-333.0
37931,109894,93555,24403,40692,52863,28510,2861,-2811.0
41926,111071,86700,20931,47814,38886,15443,864,-3376.0
23810,37865,20012,3516,18928,1084,9,0,2441.0
40734,70573,40147,7522,35162,4985,249,0,2786.0
43906,110838,83209,19434,49814,33395,11210,406,-3157.0
41113,71069,40356,7550,35412,4944,245,1,2850.0
46921,88473,53794,10644,43724,10070,1025,1,1598.0
27658,44613,23882,4245,22294,1588,25,0,2682.0
41180,110814,87616,21373,46994,40622,16826,968,-3391.0
40196,111154,89852,22331,45718,44134,19718,1352,-3437.0
39862,110648,89967,22495,44964,45003,20720,1526,-3314.0
46553,108306,76714,17121,50702,26012,6902,171,-2160.0
35601,105465,100215,30080,19950,80265,65565,15109,271.0
39591,110775,90284,22590,45028,45256,20719,1543,-3490.0
32844,54368,29767,5397,27152,2615,64,0,2846.0
43186,111283,84912,20108,49176,35736,12931,596,-3293.0
36056,107786,97415,27057,32488,64927,42810,6312,-1372.0
45962,85201,51131,10011,42196,8935,809,4,1881.0
45017,110047,80812,18557,50282,30530,9483,285,-2775.0
35659,105362,100276,30187,19430,80846,66502,15457,386.0
44331,110263,81899,18973,49960,31939,10343,383,-3006.0
35945,107724,97337,27031,32488,64849,42748,6403,-1473.0
47359,107974,75333,16607,51024,24309,5926,113,-1889.0
6732,10228,5179,874,5114,65,0,0,809.0
37768,109745,93944,24656,39952,53992,29841,3194,-2689.0
44371,110071,81721,18937,49820,31901,10431,383,-2916.0
46980,107246,74907,16530,50634,24273,5978,124,-1889.0
44064,110493,82647,19263,49716,32931,11061,438,-3045.0
44772,110273,81320,18729,50266,31054,9741,326,-2910.0
48414,102668,68055,14417,49608,18447,3452,38,-616.0
49114,100344,64706,13410,48952,15754,2440,30,66.0
40080,69396,39446,7384,34588,4858,220,0,2746.0
46926,106895,74663,16490,50386,24277,6123,132,-1796.0
38000,109978,93228,24193,41298,51930,27382,2588,-2943.0
42074,110995,86359,20797,47936,38423,15123,856,-3359.0
43480,111130,84265,19849,49436,34829,12258,512,-3234.0
47488,91327,56353,11282,45014,11339,1299,10,1232.0
34378,57573,31838,5823,28738,3100,97,0,2820.0
4652,7032,3543,595,3516,27,0,0,568.0
36357,108341,96600,26420,34680,61920,38981,5285,-1804.0
47967,93945,58767,11894,46170,12597,1605,7,895.0
32720,54230,29723,5394,27082,2641,66,0,2819.0
47585,105955,72720,15831,50454,22266,5047,93,-1481.0
47241,89621,54752,10877,44242,10510,1137,9,1495.0
47873,106998,73616,16054,50908,22708,5182,91,-1563.0
36081,107960,97330,26965,32870,64460,42220,6239,-1514.0
48267,105025,70909,15240,50378,20531,4269,67,-1089.0
35602,105833,99779,29482,22666,77113,60501,12804,66.0
45406,109888,79999,18238,50570,29429,8748,278,-2721.0
48838,103224,68227,14417,49952,18275,3320,38,-576.0
40192,69274,39233,7322,34534,4699,206,0,2829.0
15320,23828,12338,2127,11914,424,0,0,1703.0
47611,90370,55214,10966,44632,10582,1106,1,1489.0
41353,111194,87851,21423,47164,40687,16866,1015,-3413.0
44977,109760,80471,18456,50206,30265,9348,307,-2768.0
46149,109209,78318,17651,50730,27588,7749,205,-2393.0
38900,110439,91952,23498,42916,49036,24607,2154,-3085.0
47703,91886,56770,11377,45278,11492,1330,5,1210.0
36621,108685,96153,26065,35916,60237,36853,4657,-1976.0
35912,104578,101240,32238,9052,92188,86474,26188,336.0
45110,81999,48484,9381,40682,7802,635,0,2214.0
35596,105652,99735,29547,22188,77547,61276,13144,132.0
35708,105085,100637,30738,16846,83791,71393,17818,522.0
47604,105455,72171,15682,50250,21921,4955,78,-1362.0
35686,105218,100523,30527,17884,82639,69450,16874,464.0
46454,87584,53254,10538,43280,9974,1024,2,1586.0
46475,108798,77355,17305,50880,26475,7038,141,-2273.0
20802,32789,17188,2997,16394,794,1,0,2204.0
47823,91057,55821,11125,44892,10929,1273,7,1462.0
41872,110960,86514,20855,47898,38616,15164,832,-3429.0
40531,111273,89387,22094,46210,43177,18853,1219,-3449.0
35984,107507,97760,27405,31090,66670,45327,7230,-1168.0
48329,103791,69387,14793,50016,19371,3759,49,-868.0
