N0,N1,N2,Volume,Enclosing_surface,Contact_surface,TETRAVOXEL,OCTOVOXEL,MISC_Async
5067,14353,12221,3215,5152,7069,4049,475,-280.0
5422,14506,11581,2867,5960,5621,2586,202,-370.0
5141,14333,11885,3039,5536,6349,3261,297,-346.0
5487,14309,11190,2725,6030,5160,2249,171,-357.0
6173,12937,8534,1805,6238,2296,461,5,-35.0
5803,14308,10609,2460,6458,4151,1392,57,-356.0
5694,10445,6211,1206,5186,1025,73,0,254.0
5936,14149,10197,2308,6546,3651,1057,38,-324.0
1444,2204,1121,190,1102,19,0,0,171.0
6331,13247,8708,1834,6412,2296,423,3,-42.0
6162,12077,7562,1532,5932,1630,213,0,115.0
5673,14518,11123,2653,6328,4795,1862,95,-375.0
4878,13942,12828,3753,3138,9690,7666,1718,11.0
5412,14437,11478,2826,6000,5478,2437,158,-373.0
5730,14405,10843,2544,6422,4421,1561,60,-376.0
6102,13752,9557,2105,6484,3073,784,14,-198.0
6252,12179,7594,1534,5984,1610,211,2,133.0
5031,14247,12196,3233,4994,7202,4259,543,-253.0
5022,14296,12317,3282,4942,7375,4412,558,-239.0
6080,11124,6606,1282,5520,1086,84,0,280.0
6075,13992,9846,2187,6570,3276,852,21,-258.0
2610,4097,2140,372,2048,92,1,0,281.0
5744,14331,10722,2504,6420,4302,1491,62,-369.0
3672,5954,3201,571,2976,225,2,0,348.0
6236,13754,9425,2055,6520,2905,714,12,-148.0
6044,11362,6896,1363,5614,1282,134,0,215.0
5992,14058,10040,2258,6532,3508,994,28,-284.0
5742,14303,10715,2507,6388,4327,1527,60,-353.0
5175,14417,11921,3037,5620,6301,3177,271,-358.0
2874,4521,2366,412,2260,106,1,0,307.0
6146,13045,8644,1830,6308,2336,429,8,-85.0
5673,14389,10937,2591,6328,4609,1733,85,-370.0
4142,6803,3700,667,3398,302,7,0,372.0
5370,9297,5284,989,4634,650,29,0,368.0
6250,13803,9442,2053,6566,2876,671,12,-164.0
5045,14274,12152,3202,5092,7060,4090,511,-279.0
3514,5641,3006,532,2820,186,1,0,347.0
6317,13170,8635,1815,6380,2255,410,3,-33.0
6317,12915,8339,1731,6292,2047,331,5,10.0
6058,14239,10230,2319,6546,3684,1147,52,-270.0
4951,14171,12506,3435,4402,8104,5367,847,-149.0
6321,12856,8285,1719,6256,2029,344,3,31.0
40,60,30,5,30,0,0,0,5.0
5456,14446,11378,2778,6088,5290,2270,148,-390.0
5498,14638,11600,2851,6094,5506,2450,186,-391.0
6160,11926,7411,1494,5858,1553,210,0,151.0
6046,14127,10063,2259,6572,3491,983,28,-277.0
6040,11159,6687,1309,5520,1167,119,2,259.0
184,276,138,23,138,0,0,0,23.0
5630,9981,5781,1099,4968,813,45,0,331.0
5886,14224,10424,2398,6460,3964,1304,50,-312.0
4969,14193,12495,3420,4470,8025,5253,797,-149.0
6111,11682,7187,1437,5752,1435,178,1,179.0
5403,14410,11461,2825,5972,5489,2466,173,-371.0
4902,14137,12579,3479,4284,8295,5569,888,-135.0
3386,5499,2961,529,2748,213,3,0,319.0
5076,14274,11948,3088,5368,6580,3538,384,-338.0
6251,12466,7904,1617,6106,1798,254,1,72.0
5085,14284,12043,3136,5270,6773,3744,399,-292.0
376,568,286,48,284,2,0,0,46.0
5322,14323,11551,2891,5756,5795,2811,248,-341.0
4961,14171,12444,3391,4542,7902,5087,733,-157.0
5319,14443,11642,2899,5890,5752,2663,191,-381.0
5625,14452,11062,2632,6332,4730,1788,87,-397.0
6244,12569,8033,1655,6136,1897,297,2,53.0
4873,13979,12777,3683,3456,9321,7067,1441,-12.0
4913,13872,13047,4068,1686,11361,10500,3187,20.0
4896,13935,12821,3745,3172,9649,7591,1650,37.0
5881,10867,6505,1271,5384,1121,99,1,248.0
5844,10568,6233,1205,5236,997,96,0,304.0
4682,7767,4263,775,3876,387,15,0,403.0
6118,13700,9460,2072,6488,2972,724,18,-194.0
6164,13405,9080,1961,6394,2686,617,14,-122.0
5804,14337,10641,2468,6474,4167,1389,50,-360.0
5955,14163,10244,2329,6514,3730,1135,27,-293.0
5164,8986,5134,966,4472,662,42,0,346.0
632,956,482,81,478,4,0,0,77.0
5977,11011,6575,1282,5458,1117,95,1,259.0
4873,13969,12837,3734,3270,9567,7429,1589,7.0
6410,13111,8466,1757,6390,2076,331,4,8.0
5685,14450,10922,2567,6442,4480,1566,63,-410.0
6324,13477,8970,1907,6498,2472,481,6,-90.0
5366,14379,11518,2860,5876,5642,2627,200,-355.0
5955,14205,10291,2343,6524,3767,1157,35,-302.0
4944,14178,12479,3405,4528,7951,5122,736,-160.0
4863,14006,12797,3678,3526,9271,6954,1385,-24.0
5772,14302,10673,2490,6406,4267,1490,60,-347.0
1736,2660,1358,231,1330,28,0,0,203.0
6319,12560,7952,1626,6148,1804,264,1,85.0
5431,14513,11448,2793,6138,5310,2237,147,-427.0
5948,10928,6517,1270,5414,1103,100,0,267.0
6159,13480,9137,1970,6454,2683,572,13,-154.0
5696,10348,6114,1182,5136,978,76,0,280.0
5932,10830,6428,1248,5368,1060,94,0,282.0
6402,13129,8533,1785,6356,2177,417,4,21.0
6332,13232,8695,1832,6398,2297,436,8,-37.0
5576,14526,11272,2716,6248,5024,2030,116,-394.0
6261,13305,8831,1873,6424,2407,457,9,-86.0
5127,14353,12060,3134,5316,6744,3721,411,-300.0
5619,14318,10927,2599,6260,4667,1798,101,-371.0
4871,13946,12850,3756,3164,9686,7618,1669,19.0
5924,14468,10649,2455,6568,4081,1332,56,-350.0
5650,14434,11029,2624,6314,4715,1806,94,-379.0
6033,13887,9764,2166,6532,3232,823,13,-256.0
5967,11212,6800,1343,5542,1258,128,1,212.0
5741,14187,10514,2434,6424,4090,1339,49,-366.0
5268,9234,5308,1004,4592,716,50,0,338.0
6462,13364,8691,1813,6504,2187,356,6,-24.0
4896,13900,12952,3882,2612,10340,8676,2152,66.0
5875,10690,6330,1227,5298,1032,94,1,288.0
6181,13542,9222,1999,6450,2772,642,7,-138.0
5896,10796,6422,1249,5350,1072,96,0,273.0
5985,11333,6916,1373,5594,1322,145,1,195.0
5302,14483,11718,2927,5874,5844,2735,208,-390.0
5268,9014,5080,945,4490,590,34,0,389.0
5390,9347,5328,1001,4650,678,47,0,370.0
6093,11535,7034,1395,5698,1336,139,1,197.0
5669,14308,10796,2539,6358,4438,1592,75,-382.0
5476,14437,11441,2816,5986,5455,2465,162,-336.0
5585,14466,11107,2644,6350,4757,1766,71,-418.0
6008,14230,10256,2326,6556,3700,1118,36,-292.0
6236,11893,7299,1456,5862,1437,169,2,186.0
5945,13946,9970,2247,6458,3512,1030,43,-278.0
6216,11672,7080,1399,5766,1314,140,0,225.0
4908,13874,12994,3962,2216,10778,9442,2560,66.0
4877,14021,12717,3612,3762,8955,6497,1193,-39.0
2798,4429,2331,408,2214,117,1,0,292.0
6210,11971,7397,1482,5902,1495,167,0,154.0
1352,2076,1062,181,1038,24,0,0,157.0
6287,12247,7637,1543,6016,1621,215,3,134.0
5696,10266,6039,1165,5088,951,90,0,304.0
4870,14127,12596,3484,4288,8308,5551,872,-145.0
3256,5232,2792,495,2614,178,4,0,321.0
760,1156,586,99,578,8,0,0,91.0
5019,14271,12287,3269,4960,7327,4351,527,-234.0
6226,12545,8019,1652,6126,1893,293,4,48.0
5993,11031,6587,1285,5464,1123,103,1,264.0
5448,9436,5366,1005,4702,664,32,0,373.0
5323,14358,11572,2886,5828,5744,2702,193,-349.0
6205,12581,8089,1675,6128,1961,325,1,38.0
5717,14403,10898,2573,6358,4540,1687,81,-361.0
4909,13878,13010,3992,2068,10942,9742,2743,49.0
6319,12979,8410,1751,6314,2096,351,7,-1.0
6158,13273,8923,1914,6362,2561,549,8,-106.0
1824,2816,1448,248,1408,40,0,0,208.0
6170,13727,9446,2064,6508,2938,711,12,-175.0
5376,9274,5265,986,4614,651,46,0,381.0
5000,14332,12314,3265,5038,7276,4256,528,-283.0
6024,11403,6959,1382,5626,1333,151,2,198.0
6040,11963,7547,1538,5866,1681,231,2,86.0
3402,5457,2906,514,2728,178,1,0,337.0
5804,10566,6254,1211,5242,1012,82,0,281.0
6070,14272,10165,2276,6674,3491,924,22,-313.0
6232,12368,7816,1595,6062,1754,244,0,85.0
6244,13410,8959,1908,6470,2489,470,4,-115.0
5242,14440,11794,2971,5762,6032,2916,230,-375.0
6339,12950,8363,1737,6304,2059,342,5,15.0
5774,14257,10640,2489,6346,4294,1565,92,-332.0
4970,14223,12485,3403,4552,7933,5119,760,-171.0
5987,14314,10367,2357,6592,3775,1130,29,-317.0
5060,14319,12065,3134,5326,6739,3667,390,-328.0
4904,13877,12999,3978,2130,10869,9617,2678,48.0
6149,13520,9207,1993,6456,2751,608,7,-157.0
5359,14378,11557,2880,5834,5723,2710,209,-342.0
5117,14324,11974,3085,5438,6536,3448,315,-318.0
4911,14087,12668,3570,3916,8752,6255,1151,-78.0
6046,13501,9321,2043,6384,2937,733,16,-177.0
5538,14519,11360,2762,6148,5212,2223,156,-383.0
4925,14196,12447,3380,4614,7833,4968,719,-204.0
4995,14284,12354,3302,4896,7458,4492,573,-237.0
1076,1644,837,142,822,15,0,0,127.0
6184,13393,9031,1942,6410,2621,573,14,-120.0
6362,13766,9251,1980,6622,2629,522,6,-133.0
6084,11519,7032,1397,5682,1350,155,2,200.0
5598,14453,11166,2686,6216,4950,2021,132,-375.0
6258,13274,8812,1870,6404,2408,466,2,-74.0
5143,14375,11969,3077,5476,6493,3423,347,-340.0
4132,6770,3676,662,3380,296,10,0,376.0
5099,14354,12145,3172,5258,6887,3838,405,-282.0
4042,6611,3585,645,3300,285,11,0,371.0
5029,14244,12253,3269,4892,7361,4460,599,-231.0
1936,3016,1564,270,1508,56,0,0,214.0
5914,14321,10515,2423,6492,4023,1337,52,-315.0
6297,12955,8422,1760,6284,2138,387,5,4.0
4912,13878,13033,4033,1868,11165,10142,2976,34.0
1112,1688,854,144,844,10,0,0,134.0
4276,7096,3893,707,3544,349,8,0,366.0
5007,14252,12363,3321,4800,7563,4652,613,-203.0
5625,14408,11038,2632,6284,4754,1840,95,-377.0
5301,14414,11651,2912,5830,5821,2754,219,-374.0
6045,14029,9943,2222,6554,3389,921,17,-263.0
6094,13852,9654,2128,6540,3114,772,18,-232.0
6338,13540,9036,1926,6516,2520,508,6,-92.0
6104,11590,7095,1413,5712,1383,166,0,196.0
6332,12659,8045,1650,6190,1855,279,6,68.0
5412,9488,5451,1030,4722,729,44,0,345.0
5870,14202,10391,2384,6478,3913,1246,42,-325.0
6083,11500,7013,1392,5674,1339,152,1,204.0
5684,10318,6094,1178,5120,974,78,0,282.0
4881,14008,12785,3679,3496,9289,7016,1427,-21.0
6059,11622,7160,1432,5728,1432,166,1,165.0
6081,13915,9745,2156,6554,3191,807,17,-245.0
5876,14371,10608,2451,6510,4098,1351,42,-338.0
5293,14386,11515,2844,5966,5549,2454,171,-422.0
5183,14422,11817,2982,5742,6075,2938,249,-404.0
6325,13067,8543,1797,6304,2239,459,13,4.0
6298,12858,8301,1724,6258,2043,342,6,17.0
1552,2376,1212,206,1188,24,0,0,182.0
664,1020,522,89,510,12,0,0,77.0
6140,13752,9515,2090,6490,3025,772,24,-187.0
6181,12564,8070,1667,6138,1932,288,3,20.0
312,468,234,39,234,0,0,0,39.0
6129,13780,9531,2088,6534,2997,712,11,-208.0
2484,3908,2045,356,1954,91,0,0,265.0
5389,9697,5687,1093,4816,871,65,1,286.0
5703,10460,6226,1211,5186,1040,88,1,258.0
5040,14285,12188,3211,5110,7078,4065,466,-268.0
6122,12558,8141,1697,6100,2041,358,6,8.0
6241,13288,8852,1885,6394,2458,500,7,-80.0
6031,14030,9955,2226,6554,3401,922,17,-270.0
4772,8118,4548,841,4050,498,18,0,361.0
5996,11080,6633,1296,5490,1143,100,0,253.0
6126,13397,9076,1955,6422,2654,553,4,-150.0
6172,13995,9725,2137,6628,3097,739,14,-235.0
6002,13303,9118,1985,6326,2792,651,12,-168.0
6267,13517,9097,1954,6470,2627,577,11,-107.0
5575,14364,11065,2653,6212,4853,1940,117,-377.0
4973,14268,12380,3320,4840,7540,4588,603,-235.0
6222,12491,7961,1636,6106,1855,279,4,56.0
6102,13977,9819,2181,6552,3267,873,24,-237.0
5518,14470,11331,2757,6120,5211,2230,154,-378.0
6208,12108,7544,1521,5962,1582,184,0,123.0
5050,8639,4859,901,4312,547,15,0,369.0
4914,14105,12615,3518,4122,8493,5861,980,-94.0
6240,13344,8898,1894,6432,2466,480,8,-100.0
4878,13995,12801,3704,3378,9423,7239,1540,-20.0
5608,10020,5844,1118,4980,864,60,0,314.0
4888,13972,12826,3728,3284,9542,7404,1576,14.0
6126,11577,7051,1397,5720,1331,137,0,203.0
6136,14263,10129,2270,6638,3491,987,34,-268.0
6001,14302,10299,2327,6636,3663,1030,23,-329.0
5878,14230,10428,2398,6468,3960,1294,54,-322.0
6000,14090,10037,2249,6580,3457,930,24,-302.0
4460,7306,3964,713,3650,314,6,0,405.0
6244,12611,8103,1680,6126,1977,359,6,56.0
5608,10224,6060,1175,5070,990,84,0,269.0
4864,13996,12760,3661,3554,9206,6888,1376,-33.0
5496,9764,5662,1077,4862,800,40,0,317.0
5001,14229,12315,3300,4830,7485,4569,597,-213.0
4940,14200,12450,3382,4608,7842,4984,716,-192.0
6054,11309,6829,1344,5594,1235,121,0,230.0
5957,14344,10459,2394,6554,3905,1236,47,-322.0
5366,14513,11677,2908,5906,5771,2701,216,-378.0
6155,13317,8983,1933,6368,2615,581,11,-112.0
5049,14293,12132,3182,5172,6960,3949,465,-294.0
2132,3336,1737,301,1668,69,0,0,232.0
6086,11151,6646,1296,5516,1130,119,0,285.0
5764,14342,10725,2505,6420,4305,1502,60,-358.0
4064,6654,3609,649,3324,285,6,0,370.0
4893,14119,12644,3525,4138,8506,5843,969,-107.0
6149,13575,9301,2027,6440,2861,695,13,-152.0
6135,14056,9906,2210,6552,3354,952,33,-225.0
192,288,144,24,144,0,0,0,24.0
6387,13674,9130,1946,6584,2546,506,9,-103.0
6272,13497,9023,1922,6514,2509,469,6,-124.0
5860,14278,10456,2397,6530,3926,1218,48,-359.0
6305,12386,7766,1575,6082,1684,222,3,110.0
5546,14393,11160,2690,6180,4980,2033,120,-377.0
5308,9266,5310,1002,4608,702,50,0,350.0
6150,11477,6925,1362,5678,1247,121,0,236.0
4892,14073,12629,3540,4018,8611,6037,1058,-92.0
5456,14413,11354,2775,6058,5296,2297,154,-378.0
4959,14206,12452,3375,4654,7798,4898,645,-170.0
6359,12390,7735,1565,6080,1655,230,1,139.0
5490,14361,11163,2693,6168,4995,2025,124,-401.0
5892,10762,6386,1239,5338,1048,86,0,277.0
6536,13232,8491,1755,6452,2039,328,4,40.0
4984,14231,12390,3342,4728,7662,4775,654,-199.0
5452,9620,5559,1056,4782,777,56,0,335.0
6014,14155,10126,2279,6578,3548,999,24,-294.0
248,372,186,31,186,0,0,0,31.0
4895,13920,12925,3847,2768,10157,8384,2021,53.0
6184,13223,8827,1882,6362,2465,499,10,-94.0
4905,13895,12992,3958,2236,10756,9423,2581,44.0
6171,13971,9721,2141,6596,3125,779,15,-220.0
572,860,431,72,430,1,0,0,71.0
5907,14174,10314,2356,6492,3822,1190,33,-309.0
2638,4145,2167,377,2072,95,1,0,283.0
6273,12601,8034,1651,6162,1872,277,1,55.0
5566,14496,11254,2715,6218,5036,2060,130,-391.0
5440,14327,11250,2741,6054,5196,2219,142,-378.0
6272,13245,8759,1853,6400,2359,445,6,-67.0
4892,14179,12586,3467,4370,8216,5439,858,-168.0
5175,14397,12045,3118,5382,6663,3633,383,-295.0
6177,13402,9022,1934,6440,2582,522,11,-137.0
5949,14083,10135,2295,6500,3635,1083,37,-294.0
6172,11672,7105,1406,5774,1331,124,0,199.0
6069,14099,10002,2238,6576,3426,947,25,-266.0
5410,14524,11603,2871,5980,5623,2564,194,-382.0
4082,6707,3649,658,3350,299,7,0,366.0
4899,13875,13003,3962,2234,10769,9407,2535,65.0
6237,13779,9410,2042,6568,2842,643,17,-174.0
4038,6655,3630,656,3324,306,7,0,357.0
5282,14427,11711,2938,5794,5917,2839,232,-372.0
1368,2100,1074,183,1050,24,0,0,159.0
4998,14200,12222,3257,4902,7320,4396,570,-237.0
4905,14108,12653,3547,4024,8629,6060,1075,-97.0
6128,13740,9516,2091,6486,3030,768,16,-187.0
6219,12220,7671,1558,5994,1677,232,1,112.0
6313,12936,8387,1749,6280,2107,376,3,15.0
6038,11583,7142,1430,5704,1438,175,0,167.0
5293,14497,11829,2984,5754,6075,2989,257,-359.0
6084,13943,9773,2163,6568,3205,807,14,-249.0
5092,14285,12094,3169,5174,6920,3937,454,-268.0
5360,9450,5453,1034,4702,751,46,0,329.0
6184,14192,9980,2217,6658,3322,876,16,-245.0
6218,13666,9306,2015,6522,2784,622,10,-157.0
4266,7081,3886,706,3536,350,9,0,365.0
6082,13826,9617,2114,6550,3067,726,14,-241.0
5276,14478,11733,2931,5880,5853,2718,196,-400.0
6342,13031,8448,1759,6342,2106,347,0,0.0
4938,14134,12492,3434,4380,8112,5374,834,-138.0
6395,12324,7623,1530,6066,1557,192,1,164.0
5961,14122,10153,2295,6536,3617,1050,31,-303.0
4912,13873,13037,4042,1822,11215,10229,3022,34.0
6302,12363,7750,1572,6068,1682,227,0,117.0
6020,11402,6964,1384,5624,1340,154,0,198.0
4888,13930,12901,3825,2852,10049,8226,1968,34.0
5513,14407,11297,2753,6076,5221,2255,137,-350.0
5404,14434,11423,2801,6040,5383,2354,180,-408.0
5929,13993,10030,2261,6494,3536,1005,25,-295.0
5138,8865,5022,937,4422,600,21,0,358.0
6084,14168,10086,2265,6582,3504,1004,28,-263.0
6144,11958,7445,1501,5884,1561,190,0,130.0
5713,14220,10659,2497,6336,4323,1548,67,-345.0
6463,13152,8464,1753,6410,2054,332,9,22.0
4638,7717,4245,773,3852,393,13,0,393.0
4392,7354,4067,744,3670,397,14,0,361.0
5720,14227,10614,2471,6402,4212,1423,46,-364.0
5753,14144,10481,2430,6382,4099,1380,51,-340.0
5669,14387,10895,2569,6376,4519,1635,77,-392.0
5814,14205,10454,2410,6448,4006,1309,60,-347.0
220,332,167,28,166,1,0,0,27.0
5890,10633,6248,1202,5284,964,65,0,303.0
6068,14008,9875,2196,6574,3301,860,16,-261.0
6478,13588,8935,1881,6584,2351,420,6,-56.0
4886,13914,12921,3844,2778,10143,8358,2010,49.0
5544,9708,5570,1051,4834,736,40,0,355.0
6327,12398,7771,1577,6080,1691,238,1,123.0
5387,14436,11469,2818,6030,5439,2376,153,-398.0
6232,12394,7852,1607,6062,1790,270,4,83.0
5989,14373,10412,2365,6634,3778,1105,29,-337.0
6261,13339,8871,1885,6432,2439,475,13,-92.0
6296,13260,8765,1855,6400,2365,460,4,-54.0
6105,14078,9893,2192,6634,3259,810,15,-272.0
4907,13906,12949,3898,2510,10439,8886,2293,52.0
5503,9610,5505,1038,4782,723,46,1,360.0
5232,9096,5192,976,4528,664,40,0,352.0
6068,14225,10157,2284,6610,3547,1005,26,-284.0
5911,14271,10494,2428,6420,4074,1431,79,-294.0
6358,13806,9300,1994,6636,2664,534,6,-142.0
5650,10053,5844,1115,4998,846,57,0,326.0
6204,14170,9949,2210,6638,3311,894,20,-227.0
6122,13862,9662,2133,6526,3136,810,18,-211.0
6338,13948,9525,2070,6630,2895,688,18,-155.0
6150,13483,9161,1980,6442,2719,599,12,-152.0
5256,14289,11531,2878,5794,5737,2701,222,-380.0
6363,13552,9020,1918,6532,2488,488,5,-87.0
4911,14075,12682,3585,3854,8828,6367,1191,-67.0
5823,14249,10512,2427,6462,4050,1325,43,-341.0
6206,13338,8928,1906,6420,2508,498,6,-110.0
6123,11430,6904,1360,5648,1256,134,1,237.0
6342,13349,8810,1861,6454,2356,441,4,-58.0
5482,9799,5717,1094,4870,847,59,0,306.0
6259,13685,9307,2016,6518,2789,649,11,-135.0
6174,13599,9267,2007,6492,2775,615,12,-165.0
5589,14419,11112,2666,6228,4884,1963,129,-384.0
6025,11107,6637,1295,5504,1133,99,1,260.0
3580,5810,3126,558,2904,222,2,0,338.0
4912,13872,13047,4060,1734,11313,10404,3124,27.0
5184,8908,5034,938,4440,594,28,0,372.0
6092,13788,9603,2119,6492,3111,804,24,-212.0
5564,9654,5494,1029,4814,680,26,0,375.0
4802,8121,4526,833,4054,472,13,0,374.0
5521,14437,11268,2731,6150,5118,2137,129,-379.0
6171,13544,9226,2000,6452,2774,640,13,-147.0
5305,14364,11600,2903,5782,5818,2800,247,-362.0
5170,14353,11863,3029,5552,6311,3249,316,-349.0
5836,14248,10531,2441,6416,4115,1416,64,-322.0
5238,14394,11748,2961,5730,6018,2934,246,-369.0
6348,13823,9368,2023,6598,2770,627,10,-130.0
5465,14418,11268,2727,6174,5094,2070,115,-412.0
5986,11347,6931,1377,5600,1331,147,0,193.0
6029,14124,10107,2280,6534,3573,1056,31,-268.0
5849,14062,10282,2365,6374,3908,1314,67,-296.0
4903,14126,12630,3523,4122,8508,5882,1013,-116.0
5898,14370,10547,2423,6556,3991,1258,38,-348.0
6158,11673,7131,1417,5760,1371,153,0,199.0
5145,14345,11968,3085,5426,6542,3493,353,-317.0
6293,13077,8560,1798,6332,2228,413,5,-22.0
5871,14250,10468,2413,6458,4010,1334,61,-324.0
6136,13996,9818,2180,6556,3262,884,24,-222.0
6112,11252,6722,1312,5572,1150,108,0,270.0
6215,13603,9230,1993,6502,2728,599,15,-151.0
6207,13434,9034,1936,6452,2582,530,13,-129.0
184,276,138,23,138,0,0,0,23.0
5378,14391,11541,2871,5856,5685,2679,208,-343.0
5004,14215,12250,3266,4904,7346,4407,554,-227.0
5650,9989,5772,1095,4974,798,41,0,338.0
6304,12314,7683,1551,6060,1623,194,0,122.0
4946,8305,4606,845,4142,464,21,0,402.0
5363,14480,11667,2912,5862,5805,2756,225,-362.0
6261,13866,9499,2067,6596,2903,674,11,-173.0
5468,14387,11331,2771,6036,5295,2315,150,-359.0
5986,14142,10147,2290,6554,3593,1034,30,-299.0
6059,14209,10193,2308,6538,3655,1133,51,-265.0
6297,13804,9400,2039,6566,2834,672,23,-146.0
5596,14422,11032,2621,6338,4694,1746,88,-415.0
6225,14046,9734,2136,6652,3082,742,19,-223.0
5861,14217,10370,2368,6532,3838,1153,37,-354.0
4913,14075,12617,3536,4018,8599,6039,1057,-81.0
6027,11244,6789,1337,5556,1233,132,1,235.0
5951,14302,10369,2357,6596,3773,1110,33,-339.0
5976,10884,6446,1249,5398,1048,88,0,289.0
4988,14248,12259,3257,4976,7283,4296,528,-258.0
5843,14308,10562,2439,6490,4072,1328,37,-342.0
6251,13428,9000,1925,6450,2550,528,5,-102.0
6276,12641,8071,1660,6182,1889,277,2,46.0
6235,13800,9462,2062,6552,2910,696,13,-165.0
5912,14203,10310,2347,6538,3772,1127,30,-328.0
5827,10484,6155,1185,5200,955,84,1,313.0
6224,11874,7295,1457,5848,1447,178,0,188.0
6286,13647,9191,1970,6562,2629,523,4,-140.0
6256,12370,7785,1582,6078,1707,214,0,89.0
5853,14149,10320,2359,6486,3834,1177,37,-335.0
5863,14345,10603,2456,6470,4133,1405,63,-335.0
4906,13886,13005,3976,2154,10851,9578,2654,49.0
4586,7765,4338,801,3870,468,25,0,358.0
4912,13869,13008,4005,1986,11022,9897,2834,46.0
5534,14286,11014,2639,6194,4820,1898,94,-377.0
5870,10861,6517,1277,5372,1145,117,0,249.0
6380,14035,9573,2077,6684,2889,667,14,-159.0
6457,13499,8891,1879,6508,2383,483,9,-30.0
5591,14284,10930,2604,6236,4694,1812,89,-367.0
6332,13378,8829,1862,6486,2343,406,4,-79.0
5601,14352,10898,2570,6376,4522,1600,71,-423.0
4950,14239,12418,3358,4688,7730,4863,720,-229.0
5114,8813,4994,933,4390,604,33,0,362.0
5062,14339,12052,3117,5402,6650,3535,344,-342.0
5567,14335,11025,2637,6228,4797,1879,99,-380.0
5038,14264,12267,3266,4938,7329,4388,550,-225.0
4542,7661,4265,785,3820,445,21,0,361.0
4890,13951,12855,3770,3090,9765,7771,1752,24.0
6268,12701,8158,1688,6188,1970,325,6,37.0
5439,14394,11325,2760,6090,5235,2214,129,-390.0
5956,13848,9827,2200,6454,3373,940,32,-265.0
4903,13927,12882,3812,2892,9990,8143,1919,46.0
5925,14464,10627,2444,6590,4037,1284,47,-356.0
6250,11531,6887,1342,5722,1165,87,0,264.0
6206,12682,8212,1712,6152,2060,378,6,24.0
6320,12712,8109,1667,6216,1893,280,4,50.0
4894,13903,12925,3871,2624,10301,8655,2180,45.0
4056,6692,3654,661,3342,312,8,0,357.0
3828,6258,3390,609,3126,264,6,0,351.0
1852,2892,1503,260,1446,57,0,0,203.0
3564,5792,3121,558,2894,227,4,0,335.0
5981,14090,10132,2295,6494,3638,1102,31,-272.0
6303,13528,9076,1945,6482,2594,564,9,-94.0
3794,6123,3279,583,3060,219,3,0,367.0
6193,11817,7244,1442,5836,1408,145,1,178.0
5006,8697,4955,929,4336,619,25,0,335.0
6193,13022,8603,1821,6280,2323,462,7,-47.0
6191,13306,8943,1920,6366,2577,574,9,-92.0
5375,14436,11599,2890,5858,5741,2720,221,-352.0
5967,14183,10236,2322,6540,3696,1103,31,-302.0
6349,12782,8159,1678,6250,1909,282,3,48.0
6383,12999,8393,1745,6316,2077,367,3,32.0
6303,13161,8637,1817,6372,2265,417,7,-38.0
3116,4932,2595,454,2466,129,0,0,325.0
5088,8784,4978,929,4382,596,20,0,353.0
4909,13882,13031,4014,1978,11053,9926,2843,44.0
4962,8463,4755,882,4218,537,27,0,372.0
5974,11459,7074,1419,5634,1440,191,0,170.0
3920,6452,3518,636,3220,298,12,0,350.0
5985,13834,9771,2179,6468,3303,898,31,-257.0
6247,12721,8210,1706,6184,2026,353,3,30.0
5827,14350,10658,2478,6448,4210,1454,65,-343.0
4959,14189,12476,3409,4498,7978,5193,787,-163.0
5531,14376,11107,2665,6224,4883,1928,113,-403.0
4880,13973,12808,3712,3344,9464,7285,1530,3.0
6136,11866,7341,1471,5856,1485,154,0,140.0
6139,11978,7456,1501,5906,1550,166,1,116.0
5998,14217,10227,2313,6576,3651,1065,32,-305.0
5473,14375,11212,2712,6152,5060,2071,125,-402.0
3446,5539,2958,525,2766,192,7,0,340.0
4899,13931,12910,3837,2798,10112,8335,2019,41.0
5741,14376,10789,2526,6422,4367,1532,63,-372.0
5596,10040,5875,1127,4988,887,64,0,304.0
5957,11303,6906,1372,5580,1326,143,1,188.0
5738,10315,6043,1160,5126,917,63,0,306.0
4748,7902,4348,792,3944,404,14,0,402.0
5634,10021,5828,1113,4978,850,65,0,328.0
2180,3384,1749,301,1692,57,0,0,244.0
6290,12676,8113,1674,6182,1931,312,2,53.0
4590,7705,4269,782,3846,423,13,0,372.0
5712,14495,11047,2626,6338,4709,1819,98,-362.0
4904,14102,12702,3580,3924,8778,6254,1132,-76.0
4736,7984,4440,816,3984,456,16,0,376.0
6145,13854,9638,2126,6520,3118,814,19,-197.0
3586,5753,3064,542,2876,188,1,0,355.0
6242,13553,9163,1975,6476,2687,601,12,-123.0
5512,14391,11221,2717,6140,5081,2111,122,-375.0
4901,13895,12965,3923,2392,10573,9111,2413,48.0
6048,11386,6921,1370,5622,1299,142,0,213.0
4883,13965,12816,3730,3252,9564,7461,1623,4.0
4812,8146,4548,839,4062,486,22,0,375.0
5710,14303,10732,2511,6398,4334,1507,56,-372.0
4898,13893,12944,3895,2518,10426,8857,2272,54.0
1636,2508,1281,218,1254,27,0,0,191.0
6253,14148,9829,2161,6692,3137,764,15,-227.0
2726,4305,2261,395,2152,109,1,0,287.0
5642,14347,10923,2590,6306,4617,1735,80,-372.0
5625,14402,10949,2588,6370,4579,1662,87,-416.0
5676,10362,6136,1187,5150,986,62,0,263.0
3004,4806,2554,451,2402,152,2,0,301.0
6223,12526,8005,1649,6116,1889,294,1,53.0
4896,14079,12712,3587,3902,8810,6275,1110,-58.0
5788,10370,6060,1161,5154,906,62,0,317.0
6013,14090,10054,2260,6548,3506,994,31,-283.0
6454,13179,8525,1775,6400,2125,379,4,25.0
5956,11064,6649,1303,5480,1169,104,0,238.0
5576,14354,11009,2626,6262,4747,1830,104,-395.0
5408,14456,11539,2856,5942,5597,2572,196,-365.0
2982,4791,2556,453,2394,162,3,0,294.0
5555,14402,11135,2674,6226,4909,1950,101,-386.0
6252,13711,9334,2022,6536,2798,639,10,-147.0
5339,14415,11596,2889,5858,5738,2699,219,-369.0
5964,14093,10094,2273,6550,3544,993,30,-308.0
5226,8915,5005,927,4448,557,19,0,389.0
6309,12655,8065,1658,6182,1883,291,5,61.0
4913,13872,13034,4044,1804,11230,10264,3047,31.0
4877,14032,12698,3603,3778,8920,6476,1219,-60.0
6293,13408,8905,1888,6482,2423,444,7,-98.0
6123,13011,8656,1841,6266,2390,479,3,-73.0
6272,14020,9672,2117,6642,3030,736,16,-193.0
6133,13478,9207,2002,6402,2805,674,11,-140.0
5307,14411,11708,2944,5752,5956,2907,235,-340.0
4911,13869,13040,4058,1732,11308,10405,3131,24.0
5323,14397,11578,2879,5882,5696,2633,191,-375.0
5067,14271,12218,3243,4978,7240,4315,547,-229.0
5700,14185,10538,2442,6424,4114,1337,54,-389.0
6086,13810,9627,2124,6510,3117,790,18,-221.0
6098,13587,9360,2047,6438,2922,711,12,-176.0
5516,14227,10928,2609,6202,4726,1823,98,-392.0
6260,13652,9263,2003,6508,2755,636,16,-132.0
6130,11635,7115,1415,5740,1375,155,0,195.0
5448,14383,11280,2743,6102,5178,2179,142,-398.0
6265,13537,9111,1956,6486,2625,565,13,-117.0
6114,11648,7149,1427,5736,1413,176,2,188.0
1696,2624,1352,232,1312,40,0,0,192.0
4987,14214,12294,3288,4860,7434,4494,569,-221.0
6329,13226,8695,1833,6392,2303,442,7,-35.0
5333,14427,11593,2880,5906,5687,2615,189,-381.0
6386,12415,7728,1559,6102,1626,211,4,140.0
6270,12910,8400,1757,6258,2142,394,6,3.0
4658,7891,4405,812,3938,467,15,0,360.0
5658,14431,11013,2616,6330,4683,1771,80,-376.0
5574,14480,11204,2695,6238,4966,2004,130,-397.0
4916,14106,12626,3532,4060,8566,5986,1048,-96.0
4872,14094,12651,3534,4098,8553,5898,984,-105.0
5078,14376,12116,3147,5350,6766,3676,386,-329.0
6386,13221,8625,1806,6414,2211,393,4,-16.0
6283,13265,8769,1854,6414,2355,437,3,-67.0
6106,13924,9747,2158,6546,3201,832,18,-229.0
5537,14279,11005,2640,6170,4835,1939,121,-377.0
6156,13968,9755,2157,6568,3187,832,16,-214.0
6368,12166,7475,1492,5998,1477,170,0,185.0
3814,6229,3375,607,3108,267,13,0,353.0
5318,14466,11706,2931,5826,5880,2814,238,-373.0
4176,6934,3805,691,3464,341,6,0,356.0
6118,14030,9897,2208,6546,3351,938,18,-223.0
820,1244,629,106,622,7,0,0,99.0
4944,8548,4852,907,4262,590,24,0,341.0
5719,14427,10903,2569,6392,4511,1643,75,-374.0
4886,13978,12859,3757,3176,9683,7626,1690,10.0
5996,14222,10259,2327,6556,3703,1110,28,-294.0
6216,11930,7359,1474,5874,1485,182,0,171.0
5995,14108,10124,2289,6514,3610,1080,37,-278.0
896,1364,692,117,682,10,0,0,107.0
5608,10034,5861,1123,4984,877,66,0,312.0
5671,14383,10927,2588,6326,4601,1731,91,-373.0
5509,14350,11203,2719,6092,5111,2166,131,-357.0
5858,14250,10454,2402,6496,3958,1258,42,-340.0
5522,14422,11230,2715,6170,5060,2082,122,-385.0
6278,12672,8128,1681,6170,1958,332,2,53.0
5406,9455,5420,1022,4708,712,39,0,349.0
5638,10031,5828,1111,4990,838,51,0,324.0
5728,14330,10752,2517,6402,4350,1526,60,-367.0
5149,14322,11865,3034,5526,6339,3270,307,-342.0
4920,14127,12598,3502,4184,8414,5759,958,-111.0
6249,13481,9055,1940,6470,2585,541,13,-117.0
5584,9906,5743,1093,4928,815,50,0,328.0
5784,14424,10788,2518,6468,4320,1488,56,-370.0
6122,13116,8772,1873,6306,2466,504,6,-95.0
6213,11987,7420,1490,5900,1520,187,1,156.0
5301,14398,11508,2837,5994,5514,2410,159,-426.0
4981,14210,12349,3328,4730,7619,4750,667,-208.0
5329,14394,11594,2892,5836,5758,2722,219,-363.0
5882,14310,10505,2417,6508,3997,1294,54,-340.0
4882,13980,12849,3741,3252,9597,7476,1610,10.0
6029,14034,9968,2233,6538,3430,958,31,-270.0
5625,14338,10899,2579,6324,4575,1690,87,-393.0
6231,13966,9620,2100,6640,2980,686,21,-215.0
5290,9205,5256,988,4584,672,37,0,353.0
5429,14448,11372,2768,6136,5236,2176,123,-415.0
216,324,162,27,162,0,0,0,27.0
6247,13798,9436,2051,6566,2870,666,13,-166.0
6074,13764,9610,2126,6464,3146,836,22,-206.0
4912,13870,13045,4065,1700,11345,10470,3168,22.0
6256,12709,8175,1693,6192,1983,325,6,29.0
1932,3000,1551,267,1500,51,0,0,216.0
6038,11527,7084,1415,5678,1406,171,0,180.0
6286,12740,8170,1686,6224,1946,292,2,30.0
5528,14435,11247,2722,6162,5085,2111,130,-382.0
5534,14432,11168,2683,6238,4930,1956,122,-413.0
5281,14437,11781,2978,5694,6087,3049,293,-353.0
5849,14265,10514,2429,6454,4060,1357,57,-331.0
5966,10911,6482,1259,5410,1072,91,0,278.0
4902,14076,12602,3522,4072,8530,5932,1018,-94.0
5810,10459,6135,1179,5196,939,67,0,307.0
5666,9983,5757,1091,4968,789,47,0,349.0
5074,14319,12042,3121,5358,6684,3603,364,-324.0
5904,10950,6581,1291,5416,1165,118,0,244.0
5684,10224,5993,1151,5080,913,64,0,302.0
4996,8426,4686,861,4206,480,14,0,395.0
6098,13975,9838,2191,6530,3308,915,28,-230.0
6216,12191,7641,1550,5982,1659,227,2,116.0
5802,14367,10713,2499,6432,4281,1503,72,-351.0
5344,14483,11715,2936,5814,5901,2855,250,-360.0
5702,10181,5937,1136,5058,879,65,0,322.0
6217,11615,7011,1379,5748,1263,119,1,234.0
6133,13863,9703,2155,6476,3227,911,21,-182.0
6345,13470,8951,1902,6490,2461,490,7,-76.0
5707,14158,10546,2454,6368,4178,1422,57,-359.0
5879,14295,10485,2410,6510,3975,1275,51,-341.0
6070,14229,10158,2284,6612,3546,1005,28,-285.0
4865,13940,12805,3721,3284,9521,7372,1563,9.0
4878,14015,12720,3623,3702,9018,6611,1256,-40.0
6221,13616,9230,1990,6520,2710,576,11,-155.0
1148,1764,903,154,882,21,0,0,133.0
5835,14379,10672,2478,6476,4196,1427,59,-350.0
3086,4927,2614,461,2462,152,3,0,312.0
6383,13216,8619,1804,6414,2205,388,5,-18.0
5410,9729,5702,1095,4834,868,61,0,288.0
5511,14378,11161,2690,6182,4979,2014,121,-396.0
5685,10111,5878,1122,5024,854,63,1,330.0
5007,14200,12267,3288,4806,7461,4588,629,-214.0
2874,4569,2414,424,2284,130,1,0,295.0
6119,14012,9840,2184,6576,3264,860,17,-237.0
5868,14273,10531,2440,6422,4109,1429,74,-314.0
6088,11508,7008,1388,5688,1320,132,0,200.0
5301,14392,11615,2898,5842,5773,2708,207,-374.0
2640,4096,2116,364,2048,68,0,0,296.0
1064,1624,826,140,812,14,0,0,126.0
6141,11871,7360,1480,5840,1520,191,1,150.0
6255,13017,8520,1788,6312,2208,393,3,-30.0
4891,14077,12640,3551,3974,8666,6129,1111,-97.0
6167,13650,9365,2042,6478,2887,694,9,-160.0
3874,6349,3446,620,3172,274,5,0,351.0
6431,12998,8337,1723,6336,2001,326,1,47.0
4232,7036,3866,703,3514,352,8,0,359.0
6109,13871,9688,2142,6524,3164,823,17,-216.0
5965,14315,10439,2392,6526,3913,1263,45,-303.0
1768,2732,1406,241,1366,40,0,0,201.0
4899,13887,12974,3931,2362,10612,9163,2427,55.0
5699,14392,10912,2580,6344,4568,1704,77,-361.0
4881,13975,12795,3702,3378,9417,7219,1505,-1.0
4997,14230,12162,3212,5052,7110,4126,511,-283.0
5560,10012,5876,1130,4972,904,68,0,294.0
5807,10364,6038,1154,5152,886,60,1,327.0
4886,14068,12599,3520,4078,8521,5912,1014,-103.0
4903,13902,12971,3920,2422,10549,9058,2377,52.0
6252,13828,9452,2052,6592,2860,644,12,-176.0
5198,14384,11813,2996,5650,6163,3084,286,-369.0
4136,6784,3684,663,3390,294,4,0,373.0
4792,8148,4562,843,4066,496,16,0,363.0
5924,10827,6442,1255,5354,1088,119,2,284.0
6240,12377,7824,1598,6060,1764,257,2,89.0
5376,9360,5348,1006,4660,688,40,0,358.0
1718,2641,1353,231,1320,33,1,0,199.0
5105,14311,12037,3131,5288,6749,3735,417,-300.0
5811,10430,6106,1172,5180,926,70,1,315.0
4910,13873,13021,4013,1964,11057,9945,2856,45.0
6192,12040,7488,1508,5928,1560,184,0,132.0
5251,14400,11678,2920,5836,5842,2728,197,-391.0
352,532,268,45,266,2,0,0,43.0
6228,13248,8810,1872,6388,2422,472,4,-82.0
1288,1964,998,169,982,16,0,0,153.0
6388,12945,8301,1713,6324,1977,297,2,31.0
5800,14168,10439,2410,6418,4021,1332,60,-339.0
4928,14104,12671,3564,3958,8713,6188,1108,-69.0
3788,6112,3273,582,3054,219,4,0,367.0
6166,14129,9913,2198,6638,3275,853,24,-248.0
2484,3884,2021,350,1942,79,0,0,271.0
6303,13003,8451,1763,6324,2127,355,3,-12.0
6068,12156,7723,1581,5960,1763,236,0,54.0
5946,10761,6340,1223,5342,998,77,0,302.0
4977,14189,12481,3419,4448,8033,5293,829,-150.0
5564,9996,5853,1123,4968,885,60,0,298.0
5029,14252,12271,3275,4892,7379,4468,591,-227.0
4913,13873,13041,4055,1752,11289,10369,3109,26.0
5152,8738,4889,904,4354,535,30,0,399.0
1544,2372,1214,207,1186,28,0,0,179.0
5272,14393,11712,2945,5754,5958,2885,226,-354.0
4935,14119,12512,3452,4312,8200,5495,871,-124.0
4875,13965,12822,3732,3252,9570,7461,1623,0.0
6330,13219,8682,1828,6396,2286,427,4,-35.0
6026,14086,10081,2277,6500,3581,1086,38,-256.0
3094,4957,2637,466,2478,159,1,0,308.0
6310,13337,8816,1863,6454,2362,429,4,-74.0
5252,9060,5131,957,4520,611,20,0,366.0
5709,14288,10681,2489,6428,4253,1432,55,-387.0
3114,4993,2658,470,2496,162,1,0,309.0
6102,13567,9328,2037,6434,2894,699,16,-174.0
6162,11699,7145,1418,5782,1363,135,0,190.0
5760,10624,6350,1239,5266,1084,92,0,247.0
5498,9665,5556,1049,4818,738,29,0,340.0
5108,14275,11921,3073,5404,6517,3467,342,-319.0
6230,12300,7750,1579,6026,1724,248,2,101.0
6026,14265,10267,2325,6584,3683,1097,36,-297.0
3368,5384,2860,505,2690,170,4,0,339.0
5594,14433,11162,2686,6208,4954,2017,112,-363.0
6295,13637,9189,1973,6540,2649,557,7,-126.0
4875,14197,12525,3418,4542,7983,5113,763,-215.0
5733,14457,10897,2559,6440,4457,1577,65,-386.0
5902,11276,6930,1384,5556,1374,164,2,172.0
6141,13395,9082,1962,6392,2690,611,17,-134.0
5934,11111,6722,1325,5494,1228,123,0,220.0
2844,4476,2343,408,2238,105,0,0,303.0
6377,12323,7640,1537,6058,1582,207,5,157.0
4870,13974,12779,3689,3424,9355,7126,1474,-14.0
5483,14523,11469,2807,6096,5373,2331,143,-378.0
5234,9245,5342,1014,4600,742,45,0,317.0
6228,13738,9360,2025,6570,2790,598,8,-175.0
6410,13098,8484,1769,6354,2130,390,2,27.0
6157,11901,7371,1480,5862,1509,177,1,147.0
5510,9843,5738,1097,4894,844,55,0,308.0
4906,13903,12919,3862,2666,10253,8571,2120,60.0
568,860,434,73,430,4,0,0,69.0
6070,11259,6764,1326,5572,1192,115,0,249.0
5984,11128,6694,1313,5510,1184,108,0,237.0
4989,14189,12476,3420,4432,8044,5325,845,-144.0
5437,14490,11434,2791,6122,5312,2246,135,-410.0
6287,12562,7965,1628,6162,1803,238,1,62.0
3736,6022,3221,572,3010,211,2,0,363.0
6305,12217,7574,1521,6022,1552,173,1,141.0
1456,2248,1156,198,1124,32,0,0,166.0
5220,14439,11940,3055,5550,6390,3339,338,-334.0
6378,12837,8201,1689,6268,1933,301,4,53.0
5083,14319,12020,3112,5368,6652,3583,371,-328.0
4600,7636,4192,762,3812,380,12,0,394.0
6096,13808,9618,2122,6504,3114,800,24,-216.0
6132,14193,10094,2271,6562,3532,1069,46,-238.0
6051,14035,9954,2228,6540,3414,955,27,-258.0
5869,14316,10540,2430,6500,4040,1316,43,-337.0
5656,14425,10990,2607,6338,4652,1749,90,-386.0
5008,8512,4766,881,4246,520,20,0,381.0
4942,14143,12485,3422,4438,8047,5267,780,-138.0
5981,14007,9997,2247,6512,3485,983,21,-276.0
5675,14424,10940,2582,6388,4552,1648,69,-391.0
6254,13782,9399,2037,6576,2823,630,10,-166.0
6179,13640,9347,2037,6472,2875,696,9,-151.0
6291,12670,8101,1670,6182,1919,306,5,52.0
2430,3849,2027,355,1924,103,1,0,253.0
4879,14037,12654,3556,3972,8682,6093,1027,-60.0
5166,8879,5014,933,4430,584,19,0,368.0
6250,13897,9557,2088,6586,2971,725,20,-178.0
5849,14381,10647,2466,6498,4149,1385,53,-351.0
6263,13967,9622,2105,6614,3008,739,23,-187.0
5605,14467,11124,2660,6288,4836,1891,113,-398.0
5770,14141,10412,2397,6442,3970,1257,40,-356.0
6245,12915,8425,1765,6260,2165,395,5,-10.0
6128,11761,7258,1455,5786,1472,189,2,170.0
5253,14419,11676,2914,5868,5808,2683,193,-404.0
6167,13531,9210,1994,6456,2754,619,7,-148.0
6161,13599,9285,2014,6486,2799,627,9,-167.0
5556,9938,5806,1113,4934,872,70,0,311.0
6296,13233,8705,1832,6418,2287,397,6,-64.0
5828,10560,6223,1200,5246,977,68,0,291.0
5960,14204,10272,2335,6534,3738,1136,40,-307.0
6424,12469,7772,1572,6112,1660,245,2,155.0
5526,14487,11290,2730,6200,5090,2087,128,-401.0
4941,14140,12613,3504,4202,8411,5736,919,-90.0
6169,13028,8607,1818,6306,2301,416,3,-70.0
6274,13899,9518,2070,6616,2902,667,12,-177.0
5516,14551,11387,2763,6196,5191,2159,142,-411.0
6312,12856,8272,1711,6278,1994,300,0,17.0
5574,14280,10909,2592,6266,4643,1748,86,-389.0
6452,13038,8344,1719,6374,1970,290,0,39.0
4949,14176,12531,3446,4386,8145,5404,847,-142.0
5141,14381,12033,3109,5412,6621,3557,361,-316.0
6290,13130,8604,1806,6372,2232,386,2,-42.0
5636,10316,6133,1192,5114,1019,88,0,261.0
5249,14471,11759,2942,5866,5893,2739,193,-405.0
6326,13491,9017,1927,6472,2545,547,4,-75.0
5020,14215,12232,3261,4898,7334,4419,570,-224.0
4056,6668,3628,654,3332,296,4,0,362.0
3708,5952,3173,562,2974,199,4,0,367.0
6092,13833,9658,2135,6506,3152,821,22,-218.0
6137,11994,7506,1522,5880,1626,234,3,127.0
4895,13904,12909,3851,2712,10197,8480,2085,49.0
4888,13946,12886,3792,3020,9866,7906,1796,36.0
1532,2360,1211,207,1180,31,0,0,176.0
5744,14191,10545,2453,6372,4173,1447,82,-355.0
2930,4671,2475,436,2334,141,3,0,298.0
6202,13281,8875,1893,6392,2483,497,4,-97.0
5574,9879,5722,1088,4916,806,47,0,329.0
5692,14345,10817,2542,6382,4435,1581,66,-378.0
5373,14499,11624,2883,5950,5674,2599,193,-385.0
6021,14061,10015,2249,6536,3479,989,33,-274.0
5512,9648,5534,1044,4804,730,40,0,354.0
4762,8035,4475,824,4006,469,23,0,378.0
5094,8693,4887,907,4332,555,29,0,381.0
4886,13911,12894,3828,2820,10074,8271,1984,41.0
5861,14248,10484,2421,6442,4042,1364,67,-324.0
4893,13952,12888,3796,3000,9888,7952,1827,33.0
6227,13898,9601,2107,6560,3041,778,21,-177.0
5411,14385,11386,2793,6014,5372,2357,159,-381.0
160,240,120,20,120,0,0,0,20.0
4352,7216,3956,718,3604,352,8,0,374.0
5808,14484,10816,2520,6512,4304,1460,56,-380.0
3110,4965,2633,464,2482,151,1,0,314.0
5578,14395,11128,2677,6194,4934,2007,116,-366.0
6038,13967,9872,2201,6538,3334,891,16,-258.0
4072,6760,3712,675,3374,338,12,0,349.0
3296,5292,2822,500,2644,178,4,0,326.0
5285,14468,11807,2978,5746,6061,2976,247,-354.0
5690,14441,11004,2616,6312,4692,1817,104,-363.0
5991,14071,10072,2272,6512,3560,1047,39,-280.0
5919,10826,6427,1247,5372,1055,82,1,273.0
6210,13258,8848,1887,6374,2474,510,10,-87.0
5834,14319,10598,2455,6466,4132,1387,52,-342.0
4915,14121,12534,3464,4284,8250,5553,903,-136.0
6030,13992,9905,2211,6544,3361,904,22,-268.0
1632,2520,1296,222,1260,36,0,0,186.0
6188,11516,6937,1363,5696,1241,124,0,246.0
6351,13422,8881,1880,6482,2399,458,9,-70.0
4996,14203,12396,3363,4614,7782,4975,730,-174.0
6325,12736,8128,1671,6230,1898,276,3,46.0
5604,14326,10965,2614,6246,4719,1834,100,-371.0
6202,12142,7590,1535,5970,1620,202,2,115.0
4986,8485,4758,881,4230,528,25,0,378.0
5574,9783,5628,1065,4866,762,51,0,354.0
5082,14299,11993,3104,5362,6631,3575,376,-328.0
5038,14280,12243,3244,5022,7221,4236,502,-243.0
6269,13821,9460,2060,6560,2900,701,13,-152.0
3924,6444,3503,631,3220,283,4,0,352.0
4754,8079,4523,836,4030,493,19,0,362.0
5202,8995,5103,953,4488,615,19,0,357.0
5286,14350,11604,2902,5796,5808,2758,214,-362.0
5936,14326,10460,2396,6544,3916,1238,44,-326.0
2432,3830,2007,350,1914,93,2,0,259.0
2832,4436,2312,401,2218,94,0,0,307.0
3408,5450,2895,511,2724,171,2,0,342.0
5807,10652,6348,1237,5274,1074,104,1,266.0
6311,13680,9215,1978,6562,2653,556,13,-132.0
3490,5581,2964,523,2790,174,1,0,350.0
5801,14292,10589,2452,6466,4123,1360,43,-354.0
5684,14402,10931,2586,6346,4585,1710,84,-373.0
4276,7134,3932,717,3562,370,10,0,357.0
4935,14178,12439,3388,4550,7889,5078,769,-192.0
4884,13909,12917,3846,2758,10159,8393,2034,46.0
4871,13984,12739,3654,3554,9185,6876,1373,-28.0
6353,12797,8182,1686,6248,1934,301,1,52.0
5816,10550,6227,1203,5236,991,78,0,290.0
6190,13711,9395,2045,6520,2875,671,12,-171.0
6260,13870,9528,2081,6570,2958,730,16,-163.0
6204,13641,9310,2022,6488,2822,665,14,-149.0
5344,14350,11396,2799,5998,5398,2354,164,-409.0
6164,13431,9121,1976,6386,2735,659,22,-122.0
6206,13677,9328,2022,6524,2804,629,12,-165.0
5526,9817,5701,1087,4880,821,57,0,323.0
5991,11410,6997,1395,5624,1373,162,1,183.0
5534,9695,5566,1051,4826,740,43,0,354.0
5912,14001,10103,2294,6442,3661,1117,30,-280.0
6106,14226,10150,2285,6590,3560,1046,26,-255.0
5678,14332,10848,2562,6324,4524,1684,90,-368.0
5191,14263,11700,2970,5580,6120,3103,295,-342.0
6309,13190,8653,1818,6398,2255,394,3,-46.0
4892,13918,12896,3832,2800,10096,8318,2016,38.0
6163,11798,7270,1456,5804,1466,190,1,179.0
4122,6781,3694,667,3386,308,9,0,368.0
5587,14321,10953,2606,6270,4683,1781,91,-387.0
5283,14338,11637,2922,5742,5895,2854,221,-340.0
6376,12158,7459,1487,5996,1463,166,0,190.0
6323,13365,8848,1874,6452,2396,461,7,-68.0
304,456,228,38,228,0,0,0,38.0
6386,12826,8192,1688,6256,1936,314,2,64.0
4900,13901,12950,3899,2506,10444,8889,2294,50.0
5872,14186,10392,2390,6444,3948,1298,52,-312.0
1156,1772,905,154,886,19,0,0,135.0
6099,14187,10039,2237,6656,3383,875,15,-286.0
5918,14372,10578,2441,6510,4068,1352,42,-317.0
4310,7123,3896,706,3556,340,11,0,377.0
4884,14097,12659,3543,4060,8599,5977,1018,-97.0
4891,13957,12842,3763,3106,9736,7745,1759,13.0
6282,12544,7955,1627,6148,1807,248,2,66.0
5972,14041,10031,2254,6538,3493,965,18,-292.0
6316,12054,7402,1477,5942,1460,170,0,187.0
4902,13884,12998,3965,2206,10792,9472,2594,51.0
5259,14488,11775,2948,5862,5913,2764,201,-402.0
5124,14365,11870,3016,5644,6226,3077,254,-387.0
5566,14353,11026,2633,6254,4772,1845,100,-394.0
5196,14469,11991,3072,5550,6441,3369,354,-354.0
6057,14234,10178,2291,6610,3568,1014,27,-290.0
6127,13354,9029,1944,6394,2635,566,17,-142.0
6143,11324,6770,1322,5608,1162,108,1,267.0
6135,14130,9966,2219,6618,3348,894,13,-248.0
6313,12725,8152,1684,6200,1952,325,1,56.0
3428,5522,2954,525,2758,196,6,0,335.0
5165,8987,5142,970,4464,678,59,1,350.0
5766,14350,10742,2513,6406,4336,1538,70,-355.0
1692,2612,1343,230,1306,37,0,0,193.0
4967,14169,12484,3419,4454,8030,5261,787,-137.0
3848,6258,3375,604,3126,249,6,0,361.0
2412,3772,1963,340,1886,77,0,0,263.0
6145,12184,7697,1571,5968,1729,248,3,87.0
6148,13905,9676,2132,6560,3116,785,14,-213.0
5425,14424,11370,2776,6084,5286,2256,151,-405.0
6020,10978,6510,1263,5442,1068,94,0,289.0
5821,14293,10604,2464,6424,4180,1445,61,-332.0
4867,14036,12631,3549,3968,8663,6100,1073,-87.0
6368,12841,8218,1695,6266,1952,309,2,50.0
6043,13696,9533,2100,6466,3067,764,17,-220.0
4887,13926,12917,3835,2824,10093,8278,1977,43.0
4826,8259,4651,864,4118,533,23,0,354.0
4966,14198,12367,3338,4706,7661,4786,666,-203.0
5760,10122,5823,1101,5040,783,42,0,360.0
5710,14231,10650,2488,6372,4278,1487,56,-359.0
5738,14409,10782,2512,6492,4290,1425,48,-401.0
4971,14194,12325,3317,4748,7577,4698,653,-215.0
5195,14388,11934,3061,5502,6432,3384,333,-320.0
6208,13070,8641,1830,6302,2339,466,8,-51.0
5196,14430,11947,3054,5570,6377,3290,308,-341.0
5840,14352,10697,2500,6394,4303,1564,76,-315.0
3772,6130,3304,591,3062,242,6,0,355.0
5339,14466,11573,2860,5986,5587,2494,181,-414.0
4893,13955,12858,3767,3114,9744,7727,1721,29.0
3634,5893,3168,565,2946,222,1,0,344.0
3104,4944,2618,461,2470,148,4,0,317.0
6385,13611,9067,1930,6554,2513,503,9,-89.0
5994,14188,10253,2334,6502,3751,1184,42,-275.0
5393,14383,11407,2799,6020,5387,2343,137,-382.0
5107,14329,12123,3171,5220,6903,3889,427,-270.0
6113,11911,7423,1498,5858,1565,195,1,127.0
6058,13986,9878,2203,6538,3340,910,26,-253.0
5532,14429,11234,2717,6166,5068,2097,126,-380.0
5533,14378,11101,2660,6242,4859,1894,99,-404.0
6223,13402,8981,1919,6448,2533,506,9,-117.0
6295,12510,7909,1614,6134,1775,242,1,80.0
4904,13883,13002,3977,2142,10860,9599,2670,46.0
5685,14350,10817,2540,6394,4423,1562,67,-388.0
5931,14284,10426,2388,6524,3902,1236,37,-315.0
4964,14161,12531,3455,4332,8199,5497,874,-121.0
5244,14397,11691,2928,5814,5877,2769,210,-390.0
6331,13018,8471,1773,6304,2167,410,5,11.0
4910,13905,12961,3916,2426,10535,9053,2384,50.0
5391,14406,11472,2830,5964,5508,2478,173,-373.0
5190,14428,11974,3066,5552,6422,3324,298,-330.0
6235,13084,8661,1840,6282,2379,520,9,-28.0
6055,11068,6564,1272,5496,1068,76,1,279.0
3918,6387,3452,619,3190,262,7,0,364.0
5046,8623,4850,900,4300,550,23,0,373.0
6146,13832,9624,2125,6498,3126,836,22,-187.0
5702,10259,6018,1157,5094,924,71,0,304.0
5348,14421,11601,2892,5850,5751,2721,226,-364.0
5519,14441,11253,2723,6168,5085,2105,135,-392.0
4993,14192,12260,3284,4816,7444,4560,623,-223.0
6359,13006,8393,1740,6346,2047,314,1,6.0
4862,14011,12780,3669,3546,9234,6919,1392,-38.0
6328,13013,8449,1763,6320,2129,373,6,1.0
4978,14228,12429,3370,4638,7791,4952,722,-191.0
4909,13935,12899,3835,2788,10111,8359,2045,38.0
6190,12566,8077,1671,6128,1949,310,2,30.0
1068,1624,823,139,812,11,0,0,128.0
5995,14241,10236,2311,6606,3630,1029,31,-321.0
5079,14286,12040,3138,5252,6788,3782,437,-305.0
6292,13034,8532,1795,6294,2238,446,8,-5.0
4913,13871,13048,4076,1640,11408,10591,3245,14.0
6227,12004,7427,1491,5908,1519,188,1,159.0
2900,4588,2413,422,2294,119,0,0,303.0
5681,14402,10976,2611,6286,4690,1830,107,-356.0
6052,14151,10089,2266,6582,3507,987,22,-276.0
5790,10395,6084,1167,5166,918,63,0,312.0
5958,13989,9971,2236,6526,3445,937,24,-296.0
5793,14197,10519,2442,6386,4133,1425,61,-327.0
6309,12181,7541,1514,5998,1543,185,1,155.0
6139,14101,9898,2193,6638,3260,825,15,-257.0
5253,14390,11740,2962,5708,6032,2974,263,-359.0
4921,14135,12524,3451,4342,8182,5451,861,-141.0
