N0,N1,N2,Volume,Enclosing_surface,Contact_surface,TETRAVOXEL,OCTOVOXEL,MISC_Async
39063,110543,91606,23285,43502,48104,23539,1879,-3159.0
48622,99334,64070,13282,48448,15622,2438,22,76.0
44628,110481,81830,18919,50146,31684,10189,366,-2942.0
43875,110388,82739,19309,49624,33115,11140,417,-3083.0
32056,52822,28809,5206,26382,2427,58,0,2837.0
48354,97880,62746,12950,47792,14954,2296,22,270.0
48227,104426,70243,15050,50186,20057,4054,53,-1006.0
42865,110558,84403,19994,48842,35561,12874,591,-3284.0
47187,107051,74454,16376,50652,23802,5747,107,-1786.0
35593,105540,100202,29983,20506,79696,64528,14543,272.0
37118,62889,35125,6480,31370,3755,149,0,2874.0
36060,108099,97090,26741,33734,63356,40631,5706,-1690.0
37602,109893,94255,24736,40094,54161,29705,3052,-2772.0
35682,106746,98855,28362,27538,71317,51670,9286,-571.0
47324,106807,74022,16240,50604,23418,5599,122,-1701.0
39019,110637,91622,23266,43648,47974,23341,1895,-3262.0
36088,107899,97487,27110,32314,65173,43271,6642,-1434.0
36216,60710,33605,6152,30298,3307,114,0,2959.0
48816,99970,64652,13439,48670,15982,2630,28,59.0
48722,97787,62318,12805,47806,14512,2175,20,448.0
38654,110440,91992,23465,43194,48798,24052,1978,-3259.0
46947,107631,75440,16699,50686,24754,6259,147,-1943.0
37786,109973,94132,24683,40166,53966,29641,3096,-2738.0
16734,26037,13487,2326,13018,469,1,0,1858.0
46187,109242,78273,17621,50820,27453,7602,173,-2403.0
40860,111107,88670,21813,46462,42208,18183,1178,-3390.0
42243,111222,86261,20696,48346,37915,14530,725,-3414.0
46648,86644,52113,10227,42864,9249,916,4,1890.0
48616,102676,67892,14360,49624,18268,3428,48,-528.0
42888,75486,43497,8238,37566,5931,354,0,2661.0
43748,78472,45883,8792,39014,6869,444,0,2367.0
44785,110356,81498,18803,50178,31320,10000,359,-2876.0
48017,106108,72506,15739,50578,21928,4952,87,-1324.0
36008,107660,97637,27236,31858,65779,43944,6652,-1251.0
35122,58729,32438,5927,29314,3124,101,0,2904.0
47284,107070,74329,16321,50732,23597,5606,108,-1778.0
48123,95506,60348,12315,46806,13542,1894,17,650.0
46215,108015,76810,17200,50420,26390,7175,175,-2190.0
45593,109337,79183,17990,50426,28757,8485,269,-2551.0
35868,104731,101018,31584,12532,88486,79667,22194,571.0
48453,102546,67879,14365,49568,18311,3410,43,-579.0
46396,85743,51340,10034,42476,8864,791,2,1959.0
47263,106423,73662,16148,50436,23226,5551,119,-1646.0
37332,109533,95023,25257,38504,56519,32525,3698,-2435.0
21780,34256,17925,3121,17124,801,8,0,2328.0
41476,72516,41559,7835,36108,5451,300,0,2684.0
35666,106464,99122,28715,25954,73168,54556,10494,-391.0
44154,110390,82307,19119,49900,32407,10590,350,-3048.0
37944,64644,36264,6714,32244,4020,156,0,2850.0
9808,14984,7628,1294,7492,136,0,0,1158.0
48308,95029,59622,12093,46686,12936,1657,6,808.0
35701,105238,100487,30488,18046,82441,69146,16731,462.0
39230,67123,37778,7012,33484,4294,155,0,2873.0
47981,102993,68887,14699,49580,19307,3833,49,-824.0
15148,23456,12095,2077,11728,367,0,0,1710.0
48441,104997,70689,15158,50430,20259,4137,61,-1025.0
47133,107457,75078,16585,50646,24432,6165,149,-1831.0
48446,96226,60800,12400,47200,13600,1826,6,620.0
48801,101953,66891,14061,49416,17475,3121,29,-322.0
47886,91972,56674,11330,45368,11306,1236,2,1258.0
37240,109415,94571,25009,39088,55483,31239,3378,-2613.0
36067,107814,97350,27036,32484,64866,42846,6449,-1433.0
35881,104648,101148,31931,10710,90438,83228,24271,450.0
36540,108611,96335,26192,35518,60817,37575,4878,-1928.0
40362,70069,39920,7488,34912,5008,245,0,2725.0
13580,20990,10806,1853,10494,312,2,0,1543.0
47890,104313,70510,15172,49988,20522,4337,72,-1085.0
44781,81233,47935,9257,40328,7607,577,1,2226.0
35723,105002,100685,30882,16078,84607,72846,18597,524.0
36579,108676,95984,25991,36022,59962,36632,4765,-2104.0
37606,63717,35591,6567,31780,3811,157,0,2913.0
40392,110924,89279,22126,45802,43477,19320,1348,-3379.0
43774,110492,82937,19374,49630,33307,11232,454,-3155.0
35820,104801,100944,31377,13626,87318,77549,21022,586.0
39148,110620,91303,23116,43910,47393,22800,1808,-3285.0
6832,10400,5276,892,5200,76,0,0,816.0
46810,107335,75309,16690,50478,24831,6379,144,-1906.0
47697,104475,70938,15321,49950,20988,4575,69,-1161.0
49005,98759,63072,12975,48294,14778,2171,25,343.0
39200,110495,90915,22951,44124,46791,22247,1738,-3331.0
47766,92200,57120,11482,45348,11772,1504,10,1204.0
46642,108061,76203,16932,50814,25389,6433,124,-2148.0
44015,110361,82468,19196,49760,32708,10841,403,-3074.0
35688,105849,99805,29545,22340,77465,61169,13150,99.0
42918,110902,84899,20165,48808,36091,13286,610,-3250.0
33700,55800,30561,5543,27864,2697,72,0,2918.0
41581,111018,87303,21207,47364,39939,16290,899,-3341.0
35808,106895,98653,28209,28052,70601,50791,9042,-643.0
39593,110910,90854,22862,44536,46318,21838,1707,-3325.0
48156,103537,69302,14793,49846,19456,3845,54,-872.0
44051,110305,82396,19180,49712,32684,10881,415,-3038.0
46019,109522,78856,17831,50726,28130,8070,249,-2478.0
38985,110557,91611,23280,43542,48069,23473,1925,-3241.0
35559,106169,99447,29002,24882,74565,56405,11007,-165.0
44667,110557,81883,18930,50186,31697,10185,355,-2937.0
45146,109176,79573,18168,50138,29435,8900,258,-2625.0
36161,108006,97128,26840,33216,63912,41574,6059,-1557.0
48448,102798,68136,14429,49698,18438,3402,36,-643.0
43656,77682,45163,8618,38618,6545,446,0,2519.0
48151,105034,71086,15312,50300,20786,4434,69,-1109.0
19014,29675,15416,2666,14836,580,3,0,2089.0
48844,99301,63865,13215,48440,15425,2421,18,193.0
41116,111068,87995,21492,47038,40957,16992,976,-3449.0
32402,53437,29160,5271,26694,2466,49,0,2854.0
44326,110068,81823,18987,49724,32099,10620,414,-2906.0
42345,74985,43426,8260,37292,6134,401,1,2526.0
35871,107343,97983,27566,30570,67413,46203,7411,-1055.0
40414,69823,39650,7421,34774,4876,275,0,2820.0
42926,110648,84571,20060,48782,35789,13084,566,-3211.0
42075,111073,86365,20765,48140,38225,14793,731,-3398.0
48287,97965,62896,12995,47822,15074,2321,19,223.0
48462,101416,66608,14013,49138,17470,3140,42,-359.0
38487,110250,92110,23562,42848,49262,24554,2069,-3215.0
47778,106393,73043,15907,50644,22399,5105,92,-1479.0
43592,78146,45695,8760,38830,6865,486,0,2381.0
45267,81908,48241,9302,40670,7571,568,1,2298.0
48359,97389,62174,12787,47626,14548,2137,19,357.0
48953,99638,64101,13263,48624,15477,2390,23,153.0
48739,100506,65290,13614,48896,16394,2714,25,-91.0
46375,108269,76828,17164,50672,26156,6925,163,-2230.0
48499,105900,71688,15440,50736,20952,4428,69,-1153.0
37589,109705,94272,24805,39714,54558,30277,3173,-2649.0
46627,107641,75806,16840,50572,25234,6497,151,-2048.0
48478,99971,64941,13541,48636,16305,2699,28,-93.0
42768,110895,84908,20153,48898,36010,13099,614,-3372.0
35901,107359,97838,27502,30664,67174,46031,7481,-1122.0
46194,85503,51253,10025,42356,8897,791,0,1919.0
40778,110951,88518,21761,46470,42048,18011,1140,-3416.0
38786,110398,91841,23431,43096,48745,24206,2094,-3202.0
35780,104878,100814,31162,14656,86158,75566,20016,554.0
47818,106393,72970,15876,50684,22286,5025,96,-1481.0
38069,110057,93556,24370,40892,52664,28273,2781,-2802.0
37612,64024,35897,6644,31930,3967,164,0,2841.0
20562,32387,16967,2957,16192,775,3,0,2185.0
48784,101308,66154,13851,49202,16952,2904,24,-221.0
46628,107565,75783,16849,50472,25311,6621,162,-2003.0
33838,56319,30994,5647,28106,2888,107,0,2866.0
47755,91318,56123,11202,45034,11089,1250,5,1358.0
35965,107706,97679,27225,32008,65671,43690,6531,-1287.0
36853,109187,95669,25665,37348,58321,34491,4165,-2330.0
34780,57912,31875,5807,28908,2967,96,0,2936.0
46609,108194,76520,17060,50680,25840,6834,179,-2125.0
47732,93354,58365,11812,45858,12507,1638,12,931.0
36265,108199,97112,26800,33424,63688,41351,6085,-1622.0
37738,64235,36017,6667,32032,3985,171,0,2853.0
35607,105855,99780,29492,22608,77172,60639,12919,40.0
48392,102989,68465,14540,49690,18775,3609,46,-672.0
22618,35801,18840,3297,17898,942,5,0,2360.0
44987,81752,48337,9354,40550,7787,652,1,2218.0
42914,110884,84879,20161,48792,36087,13300,626,-3252.0
44640,110345,81618,18845,50166,31452,10013,338,-2932.0
42159,74286,42839,8118,36970,5869,346,1,2594.0
9756,14956,7639,1300,7478,161,0,0,1139.0
45365,109585,79704,18162,50436,29268,8713,285,-2678.0
35710,105382,100348,30272,19064,81284,67254,15838,404.0
37893,109935,93568,24401,40730,52838,28475,2913,-2875.0
46854,108336,76359,16972,50886,25473,6564,158,-2095.0
40668,111030,88975,21965,46160,42815,18710,1212,-3352.0
47399,106974,74215,16302,50618,23597,5738,105,-1662.0
36398,108440,96714,26472,34596,62118,39248,5402,-1800.0
7660,11700,5955,1010,5850,105,0,0,905.0
48245,103202,68849,14660,49738,19111,3726,43,-768.0
44285,79849,46899,9023,39660,7239,529,1,2312.0
2392,3604,1810,303,1802,8,0,0,295.0
47252,108052,75610,16715,50930,24680,6192,132,-1905.0
28466,46039,24703,4400,23006,1697,27,0,2730.0
46174,86080,51876,10190,42612,9264,856,2,1780.0
46654,107864,76168,16971,50510,25658,6844,170,-2013.0
47773,105925,72439,15719,50564,21875,4797,73,-1432.0
17472,27234,14131,2441,13616,515,2,0,1928.0
43442,110508,83549,19643,49240,34309,12028,522,-3160.0
48588,96528,61080,12484,47256,13824,2016,20,656.0
48408,102790,68211,14464,49638,18573,3514,40,-635.0
48327,95223,59824,12149,46754,13070,1715,15,779.0
47646,107137,74024,16197,50866,23158,5405,108,-1664.0
44850,110185,81186,18694,50208,30978,9769,328,-2843.0
43470,77146,44729,8512,38386,6343,374,2,2541.0
40186,69283,39251,7328,34534,4717,215,0,2826.0
45917,109300,78618,17750,50736,27882,7828,211,-2515.0
41412,72420,41509,7826,36062,5447,296,0,2675.0
45181,110099,80509,18415,50528,29981,9043,301,-2824.0
44263,110049,81721,18926,49886,31835,10277,359,-2991.0
35568,106350,99245,28800,25690,73555,54970,10552,-337.0
45662,109270,78885,17862,50598,28287,8074,234,-2585.0
36170,107857,97466,27139,32098,65368,43661,6792,-1360.0
47681,106633,73369,15998,50750,22619,5133,93,-1581.0
46514,108392,76903,17190,50666,26237,7060,178,-2165.0
42792,75956,44074,8397,37766,6308,424,0,2513.0
47318,88165,53156,10452,43600,9556,965,4,1857.0
41064,110973,88041,21541,46836,41205,17301,1046,-3409.0
28502,46095,24732,4405,23034,1698,27,0,2734.0
35971,107614,97739,27347,31396,66343,44822,7077,-1251.0
38717,110365,92176,23606,42716,49460,24933,2157,-3078.0
35935,104546,101352,32637,6882,94470,90782,28845,104.0
35678,105278,100401,30358,18654,81747,67970,16138,443.0
46180,109137,78198,17611,50730,27468,7677,190,-2370.0
45799,84878,50953,9982,42014,8939,850,1,1892.0
48060,97080,62132,12805,47434,14698,2212,12,307.0
45480,83292,49530,9627,41298,8232,696,0,2091.0
44965,110155,80888,18566,50380,30508,9395,321,-2868.0
40259,110727,89429,22244,45394,44035,19939,1431,-3283.0
47771,105838,72382,15714,50480,21902,4878,89,-1399.0
25286,40407,21452,3785,20194,1258,19,0,2546.0
41080,110894,87811,21438,46994,40817,16906,968,-3441.0
38912,66646,37551,6978,33234,4317,178,0,2839.0
46301,108580,77428,17380,50576,26852,7428,187,-2231.0
48600,98139,62824,12955,47918,14906,2303,22,330.0
40807,110987,88525,21760,46490,42035,18007,1147,-3415.0
43899,78820,46143,8854,39162,6981,496,1,2368.0
46139,108580,77678,17485,50446,27232,7688,189,-2248.0
35784,107199,98229,27766,29862,68367,47475,7826,-952.0
46112,109043,78196,17627,50630,27566,7783,206,-2362.0
41753,110977,86802,20981,47718,39084,15541,841,-3403.0
44663,80488,47256,9089,39978,7278,532,1,2342.0
48412,103238,68741,14618,49774,18967,3690,44,-703.0
36288,108188,96946,26685,33782,63164,40624,5784,-1639.0
39391,110711,91191,23068,43974,47217,22763,1811,-3197.0
32072,52808,28782,5198,26376,2406,56,0,2848.0
37125,109297,95463,25561,37560,57903,34177,4105,-2270.0
41563,72496,41449,7796,36122,5327,252,1,2720.0
48253,103559,69288,14793,49818,19470,3923,57,-811.0
38966,66771,37636,6996,33296,4340,179,0,2835.0
45123,82429,48899,9483,40900,7999,629,3,2110.0
47838,105730,72139,15624,50534,21605,4662,58,-1377.0
45648,109598,79451,18065,50512,28939,8574,264,-2564.0
47459,90254,55210,10974,44576,10634,1102,1,1441.0
45574,109187,78923,17890,50506,28417,8175,228,-2580.0
48055,105476,71657,15474,50470,21187,4536,61,-1238.0
48476,103790,69279,14757,50016,19263,3758,44,-792.0
45288,109322,79520,18124,50296,29224,8730,268,-2638.0
48667,101030,65906,13782,49120,16786,2790,25,-239.0
46579,107749,76014,16911,50562,25452,6625,151,-2067.0
39016,110818,91880,23356,43624,48256,23570,1948,-3278.0
43743,110837,83493,19563,49608,33885,11621,463,-3164.0
44038,110138,82244,19147,49606,32638,10926,438,-3003.0
44443,110400,82031,19019,49948,32083,10504,385,-2945.0
41751,73076,41910,7905,36390,5520,296,1,2680.0
43301,111064,84617,20028,49066,35551,12932,583,-3174.0
48614,98741,63484,13136,48152,15332,2437,20,221.0
47805,91647,56399,11264,45214,11185,1219,5,1293.0
43951,110536,82926,19382,49560,33366,11416,473,-3041.0
40644,110984,88650,21794,46536,42114,17912,1076,-3484.0
47255,107716,75162,16573,50886,24276,5944,113,-1872.0
42393,111333,86122,20616,48548,37574,14237,713,-3434.0
46979,108149,76085,16897,50788,25297,6573,155,-1982.0
37737,109791,93873,24576,40290,53583,29211,2961,-2757.0
41357,111076,87706,21376,47156,40550,16764,979,-3389.0
35808,104786,101019,31477,13176,87843,78434,21504,564.0
42535,111496,86433,20755,48336,38097,14824,765,-3283.0
37710,109692,93910,24626,40064,53846,29564,3042,-2698.0
35724,106874,98671,28202,28130,70541,50614,8956,-681.0
3468,5232,2631,441,2616,15,0,0,426.0
48811,100076,64767,13469,48720,16047,2636,25,33.0
38804,110502,92024,23497,43066,48958,24370,2080,-3171.0
38316,110168,92914,24013,41750,51164,26668,2468,-2951.0
21664,34344,18098,3171,17170,928,4,0,2247.0
42052,73482,42102,7937,36582,5520,318,0,2735.0
36015,107701,97617,27233,31836,65781,44029,6783,-1302.0
35643,106596,99168,28650,26436,72732,53724,10077,-435.0
47952,94161,59033,11972,46234,12799,1693,14,852.0
35840,104819,100956,31420,13392,87564,78035,21334,557.0
45853,84706,50693,9902,41974,8719,758,3,1938.0
30040,48932,26420,4732,24448,1972,36,0,2796.0
35972,107434,97899,27504,30774,67125,45886,7332,-1067.0
46561,86733,52266,10270,42912,9354,909,1,1824.0
46813,108609,76670,17053,51022,25648,6565,149,-2179.0
36360,108372,96426,26313,34974,61452,38424,5184,-1899.0
37943,109955,93504,24354,40884,52620,28187,2783,-2862.0
42918,110897,84791,20108,48934,35857,13029,576,-3296.0
47608,105129,71786,15572,50140,21646,4849,82,-1307.0
40914,111070,88475,21728,46582,41893,17906,1150,-3409.0
48347,102711,68215,14479,49556,18659,3599,47,-628.0
48142,92569,57134,11443,45610,11524,1349,4,1264.0
48893,101664,66406,13902,49400,17006,2864,27,-267.0
43420,110598,83752,19721,49178,34574,12242,536,-3147.0
39287,110676,91173,23041,44100,47073,22476,1701,-3257.0
46585,86922,52414,10300,43028,9386,866,3,1777.0
48791,100626,65417,13655,48904,16513,2818,33,-73.0
45494,109548,79706,18189,50278,29428,8992,290,-2537.0
34190,56727,31116,5650,28332,2784,63,0,2929.0
43383,111034,84319,19893,49280,35039,12474,553,-3225.0
48490,99344,64232,13345,48394,15838,2556,30,33.0
35674,105386,100395,30306,18954,81441,67478,15966,377.0
47641,107211,74145,16238,50862,23283,5487,105,-1663.0
44779,109348,80166,18383,50034,30132,9280,317,-2786.0
35669,105529,100111,29965,20432,79679,64665,14665,286.0
46454,108607,77212,17282,50732,26480,7143,168,-2223.0
47049,106884,74357,16354,50590,23767,5704,123,-1832.0
932,1400,701,117,700,1,0,0,116.0
4088,6160,3094,518,3080,14,0,0,504.0
47521,89544,54433,10771,44240,10193,1064,3,1639.0
36903,108953,95820,25858,36492,59328,35969,4587,-2088.0
48040,103564,69411,14826,49866,19545,3832,52,-939.0
45906,84461,50411,9829,41848,8563,765,4,2027.0
38742,66183,37214,6904,33004,4210,175,0,2869.0
36404,108379,96805,26544,34346,62459,39687,5486,-1714.0
40370,70205,40062,7526,34968,5094,269,0,2701.0
46178,108787,77802,17501,50598,27204,7591,196,-2308.0
39043,110853,91841,23327,43720,48121,23413,1915,-3296.0
43177,111193,84843,20097,49104,35739,12985,613,-3270.0
42212,111087,86266,20734,48128,38138,14831,770,-3343.0
42202,74549,43086,8181,37086,6000,377,0,2558.0
48198,102567,68197,14488,49466,18731,3635,52,-660.0
8388,12808,6517,1105,6404,113,0,0,992.0
43889,110753,83172,19444,49680,33492,11393,481,-3136.0
45973,109497,78760,17777,50858,27902,7781,197,-2541.0
48576,102980,68214,14439,49794,18420,3392,40,-629.0
35563,105919,99611,29289,23488,76123,58943,12143,-34.0
46562,86306,51782,10135,42754,9028,798,2,1903.0
48126,104972,71035,15300,50270,20765,4432,78,-1111.0
45639,109598,79450,18061,50534,28916,8530,245,-2570.0
45135,109729,80205,18350,50310,29895,9109,303,-2739.0
36436,61400,34121,6265,30652,3469,96,0,2892.0
44761,110339,81568,18837,50114,31454,10111,341,-2847.0
38052,110025,93484,24332,40976,52508,28073,2718,-2821.0
35640,105243,100480,30434,18356,82124,68531,16398,443.0
40790,111037,88553,21752,46594,41959,17849,1088,-3446.0
35957,107357,98061,27630,30342,67719,46673,7553,-969.0
43100,111023,84674,20037,49126,35548,12771,546,-3286.0
35578,106220,99628,29147,24374,75254,57472,11526,-161.0
35924,104564,101290,32352,8468,92822,87628,26860,298.0
48978,102190,66912,14034,49620,17292,2950,26,-334.0
44127,110459,82402,19149,49910,32492,10639,375,-3079.0
47570,106178,73021,15926,50486,22535,5206,110,-1513.0
37604,109743,93797,24533,40396,53401,28951,2958,-2875.0
48583,104188,69595,14829,50216,19379,3756,45,-839.0
48916,96821,61055,12438,47482,13573,1857,10,712.0
22352,35284,18524,3235,17638,886,8,0,2357.0
41080,111086,88002,21492,47052,40950,16982,1020,-3496.0
34050,56619,31121,5662,28270,2851,79,0,2890.0
36500,108516,96499,26351,34892,61607,38732,5344,-1868.0
45322,82712,49027,9501,41048,7979,616,2,2136.0
48743,102136,67128,14128,49488,17640,3160,41,-393.0
42256,111128,86027,20599,48460,37567,14208,684,-3444.0
5568,8420,4244,713,4210,34,0,0,679.0
48649,100833,65768,13761,48970,16798,2893,33,-177.0
35803,104834,100948,31351,13790,87158,77254,20881,566.0
47377,90187,55251,11002,44490,10761,1207,9,1439.0
47826,105864,72370,15707,50498,21872,4868,78,-1375.0
48247,101736,67161,14182,49230,17931,3276,37,-510.0
41643,110983,86867,20997,47752,39115,15479,831,-3470.0
46504,108837,77455,17353,50792,26663,7253,174,-2231.0
48500,98012,62714,12918,47920,14794,2172,12,284.0
23082,36709,19402,3409,18350,1052,9,0,2366.0
7264,11048,5600,946,5524,76,0,0,870.0
20634,32393,16920,2941,16194,726,5,0,2220.0
35871,104683,101160,31898,10932,90228,82819,24039,450.0
48763,99335,63952,13240,48464,15488,2407,19,140.0
42778,111000,85218,20286,48720,36498,13560,638,-3290.0
48263,98161,63183,13087,47844,15339,2473,23,198.0
44520,80280,47158,9074,39872,7286,536,0,2324.0
25738,41201,21904,3869,20594,1310,13,0,2572.0
46769,108564,76844,17147,50806,26038,6952,159,-2098.0
45141,110048,80570,18453,50422,30148,9204,299,-2790.0
47082,106935,74486,16411,50506,23980,5923,132,-1778.0
47843,92411,57238,11497,45494,11744,1423,3,1173.0
40148,69244,39253,7334,34502,4751,240,0,2823.0
41091,111136,88177,21568,46946,41231,17244,1017,-3436.0
36215,108060,97212,26883,33126,64086,41808,6121,-1516.0
45982,108599,77827,17542,50402,27425,7795,244,-2332.0
31396,51660,28141,5080,25802,2339,56,0,2797.0
36176,108002,96910,26703,33602,63308,40798,5812,-1619.0
47130,107781,75430,16677,50798,24632,6185,128,-1898.0
45485,83235,49462,9608,41276,8186,683,1,2104.0
46810,87138,52436,10285,43162,9274,814,2,1823.0
16434,25571,13247,2285,12784,463,3,0,1825.0
2332,3508,1759,294,1754,5,0,0,289.0
28226,45495,24337,4323,22736,1601,23,0,2745.0
38970,110652,91562,23214,43840,47722,22972,1798,-3334.0
36790,108787,95686,25807,36530,59156,35727,4496,-2118.0
48483,99054,63976,13288,48224,15752,2606,25,117.0
48044,104805,70969,15297,50156,20813,4493,66,-1089.0
36676,108843,95753,25798,36718,59035,35407,4382,-2212.0
45303,109577,79813,18208,50378,29435,8821,263,-2669.0
35755,107166,98327,27854,29530,68797,48106,8101,-938.0
42437,74577,42909,8115,37128,5781,321,1,2654.0
36857,109081,95690,25723,37042,58648,34997,4329,-2257.0
42451,110899,85477,20404,48530,36947,13839,671,-3375.0
41217,111057,88075,21564,46766,41309,17525,1109,-3329.0
35894,107659,97591,27209,31928,65663,43803,6732,-1383.0
46523,86833,52415,10315,42940,9475,953,3,1790.0
8344,12740,6482,1099,6370,112,0,0,987.0
38196,64844,36279,6703,32340,3939,164,0,2928.0
45563,109480,79219,17960,50678,28541,8124,201,-2658.0
43065,110532,84017,19820,49114,34903,12304,491,-3270.0
35987,107792,97388,27038,32548,64840,42696,6349,-1455.0
43597,110905,83944,19759,49334,34610,12237,509,-3123.0
42757,110849,85197,20316,48498,36699,13853,681,-3211.0
45011,81804,48341,9346,40606,7735,592,1,2202.0
28290,45833,24632,4394,22900,1732,33,0,2695.0
5752,8728,4414,744,4364,50,0,0,694.0
34464,57326,31519,5736,28622,2897,82,0,2921.0
38950,110706,92019,23441,43392,48627,23922,1914,-3178.0
42306,74475,42919,8129,37064,5855,347,0,2621.0
48445,96219,60805,12405,47180,13625,1859,13,626.0
48267,95474,60206,12270,46792,13414,1890,17,729.0
35691,105127,100561,30641,17276,83285,70575,17447,484.0
45341,110240,80563,18424,50582,29981,9076,279,-2760.0
48572,100611,65508,13675,48966,16542,2679,18,-206.0
45954,84181,50068,9733,41738,8330,705,0,2108.0
48124,106335,72529,15705,50828,21701,4679,70,-1387.0
48721,100415,65222,13600,48844,16378,2727,21,-72.0
48406,104088,69652,14862,50132,19520,3824,58,-892.0
48213,103639,69380,14814,49876,19504,3887,57,-860.0
28122,45475,24399,4346,22722,1677,31,0,2700.0
48349,103733,69387,14812,49902,19485,3929,65,-809.0
47932,93502,58323,11779,45972,12351,1558,12,974.0
40444,70214,40010,7507,34978,5032,258,0,2733.0
47522,90719,55642,11082,44792,10850,1135,4,1363.0
46997,107528,75201,16608,50754,24447,6020,119,-1938.0
47696,104375,70734,15245,49998,20736,4379,78,-1190.0
38204,110256,93392,24235,41374,52018,27508,2620,-2895.0
40765,70925,40495,7612,35318,5177,289,1,2723.0
36333,108313,96549,26384,34794,61755,38725,5169,-1815.0
40864,110883,88382,21713,46486,41896,17911,1078,-3350.0
47179,107410,74869,16495,50768,24101,5874,125,-1857.0
36728,108876,96003,25938,36378,59625,36120,4516,-2083.0
36002,107542,97838,27449,30982,66856,45578,7322,-1151.0
48592,101297,66350,13928,49132,17218,3033,26,-283.0
48651,98240,62904,12976,47952,14952,2336,21,339.0
47635,105485,72123,15653,50328,21795,4829,67,-1380.0
35545,106019,99499,29157,24056,75443,57907,11753,-132.0
45194,82695,49127,9539,41020,8107,655,0,2087.0
47139,87888,52993,10417,43484,9509,920,1,1827.0
13896,21558,11137,1916,10778,359,2,0,1559.0
48310,103475,69061,14706,49886,19175,3703,44,-810.0
44468,110465,82164,19078,49860,32304,10745,430,-2911.0
36847,109095,95503,25589,37472,58031,34151,4043,-2334.0
19480,30612,16004,2784,15304,700,4,0,2088.0
44590,110374,81782,18913,50086,31696,10202,334,-2915.0
39187,110546,91134,23044,44004,47130,22538,1721,-3269.0
48289,94335,58907,11907,46372,12535,1591,9,954.0
5296,8044,4072,687,4022,50,0,0,637.0
44600,110080,81424,18812,49976,31448,10128,360,-2868.0
10828,16596,8475,1442,8298,177,0,0,1265.0
48730,98966,63587,13146,48298,15289,2370,22,205.0
37498,63761,35716,6605,31802,3914,157,0,2848.0
39182,110742,91520,23211,43774,47746,23194,1910,-3251.0
35710,107077,98690,28133,28582,70108,49913,8748,-810.0
41056,110959,88102,21580,46724,41378,17511,1094,-3381.0
41312,72002,41159,7743,35860,5299,282,0,2726.0
42375,111008,86007,20642,48162,37845,14684,749,-3268.0
47383,106897,74043,16232,50694,23349,5509,95,-1703.0
39050,66909,37710,7009,33366,4344,177,0,2842.0
43278,76941,44677,8513,38276,6401,389,0,2501.0
47505,90241,55201,10979,44528,10673,1185,5,1486.0
39992,110764,89956,22476,45056,44900,20652,1520,-3292.0
43380,110637,83914,19792,49076,34838,12485,574,-3135.0
36612,108748,96069,26010,36078,59991,36592,4688,-2077.0
45781,109105,78714,17836,50412,28302,8281,261,-2446.0
35637,105746,99923,29644,21982,77941,61782,13315,170.0
41039,110976,88320,21688,46512,41808,17952,1137,-3305.0
35653,105805,99924,29615,22158,77766,61489,13181,157.0
35852,104701,101051,31679,12028,89023,80645,22778,523.0
45745,109034,78613,17797,50444,28169,8146,247,-2473.0
43422,110619,83723,19699,49252,34471,12115,516,-3173.0
46343,108526,77326,17350,50552,26774,7422,205,-2207.0
36432,108551,96235,26145,35600,60635,37351,4890,-2029.0
38129,110094,93161,24139,41488,51673,27118,2527,-2943.0
15684,24292,12531,2153,12144,387,4,0,1770.0
28616,46492,25044,4476,23232,1812,28,0,2692.0
46225,85629,51368,10055,42406,8962,817,1,1909.0
35937,104544,101372,32721,6418,94954,91708,29431,44.0
41359,111263,87997,21479,47120,40877,17023,1011,-3386.0
37502,109632,94412,24913,39346,55066,30940,3418,-2631.0
48133,105570,71691,15478,50514,21177,4542,67,-1224.0
48712,103671,68948,14651,49990,18958,3691,46,-662.0
48283,93430,57923,11640,46006,11917,1418,5,1136.0
43884,110355,82835,19372,49438,33397,11479,462,-3008.0
47761,91284,56071,11185,45032,11039,1220,3,1363.0
45306,109834,80130,18304,50436,29694,8962,274,-2702.0
48416,103497,69012,14689,49890,19122,3717,42,-758.0
48304,103833,69466,14819,50018,19448,3797,50,-882.0
44855,110063,81035,18652,50158,30877,9747,347,-2825.0
47637,106145,72881,15868,50554,22327,5037,73,-1495.0
47874,104842,71152,15361,50138,21014,4566,90,-1177.0
3924,5924,2981,500,2962,19,0,0,481.0
43253,111082,84606,20010,49152,35454,12778,567,-3233.0
35734,106747,98815,28373,27392,71423,51963,9484,-571.0
48774,99914,64593,13417,48684,15909,2546,18,36.0
31258,51217,27800,5003,25582,2218,53,0,2838.0
35886,104634,101172,32006,10308,90864,84018,24742,418.0
6648,10128,5142,870,5064,78,0,0,792.0
47968,105929,72307,15679,50540,21767,4849,94,-1333.0
47867,105843,72292,15678,50516,21776,4811,75,-1362.0
36192,108180,96820,26569,34226,62594,39728,5440,-1737.0
28648,46550,25079,4483,23260,1819,30,0,2694.0
48175,93036,57585,11556,45834,11751,1368,5,1168.0
41104,71884,41226,7780,35772,5454,340,0,2666.0
45368,110177,80470,18399,50546,29924,9085,298,-2738.0
47402,105540,72453,15778,50238,22215,5064,90,-1463.0
47341,106488,73603,16110,50546,23057,5396,103,-1654.0
45782,84701,50743,9919,41972,8771,757,0,1905.0
35725,106784,98691,28261,27816,70875,51152,9167,-629.0
48089,106104,72398,15694,50632,21766,4840,79,-1311.0
39312,110888,91460,23156,43984,47476,22920,1872,-3272.0
37212,63372,35541,6579,31608,3933,156,0,2802.0
45235,82218,48586,9393,40814,7772,590,1,2210.0
48298,104582,70382,15090,50224,20158,4134,58,-992.0
39982,110767,89900,22443,45142,44758,20483,1496,-3328.0
48599,103956,69350,14768,50092,19258,3772,57,-775.0
48369,101588,66914,14111,49162,17752,3264,39,-416.0
41164,110983,87868,21469,46922,40946,17139,1082,-3420.0
42716,110845,84923,20168,48838,36085,13169,626,-3374.0
45116,110133,80659,18469,50504,30155,9125,266,-2827.0
45841,109556,79104,17922,50676,28428,8204,231,-2533.0
41159,110955,87696,21375,47142,40554,16671,967,-3475.0
48118,94997,59782,12158,46616,13166,1765,12,745.0
43306,110885,84228,19876,49200,35028,12485,560,-3227.0
47908,92298,57039,11434,45474,11565,1350,4,1215.0
48246,97386,62332,12852,47552,14780,2282,14,340.0
43594,110667,83549,19620,49378,34171,11911,504,-3144.0
43793,78693,46090,8846,39104,6986,485,1,2344.0
48698,99714,64445,13383,48592,15853,2530,14,46.0
48188,104375,70164,15019,50214,19950,3947,58,-1042.0
43619,110295,83037,19457,49332,33705,11631,479,-3096.0
47381,89660,54670,10843,44282,10388,1096,3,1548.0
44469,110361,81822,18922,50112,31710,10137,341,-2992.0
48415,103449,68923,14656,49910,19013,3629,39,-767.0
45191,109790,80205,18339,50376,29829,9038,281,-2733.0
41748,73000,41855,7896,36334,5521,332,0,2707.0
20298,31935,16715,2911,15964,751,7,0,2167.0
39255,110488,91190,23111,43714,47476,23060,1849,-3154.0
35660,105743,100028,29758,21508,78520,62727,13778,187.0
43706,77927,45359,8661,38752,6607,423,0,2477.0
48194,103790,69491,14828,50014,19477,3762,46,-933.0
36854,61777,34189,6257,30836,3353,105,0,3009.0
1000,1500,750,125,750,0,0,0,125.0
6340,9600,4845,815,4800,45,0,0,770.0
42183,74028,42552,8042,36852,5700,324,1,2665.0
34488,57350,31525,5736,28634,2891,82,0,2927.0
35796,106905,98717,28247,27952,70765,51001,9122,-639.0
40580,111008,88854,21897,46326,42528,18356,1196,-3471.0
46577,108272,76654,17100,50708,25946,6856,151,-2141.0
38244,110143,92910,24018,41712,51198,26719,2546,-3007.0
44294,110481,82317,19128,49866,32451,10749,424,-2998.0
12992,20020,10276,1757,10010,266,0,0,1491.0
37070,62661,34939,6438,31250,3689,161,0,2910.0
35928,107529,97803,27389,31272,66531,44985,7030,-1187.0
48359,97629,62451,12865,47712,14739,2205,15,316.0
45190,110105,80711,18515,50332,30379,9441,296,-2719.0
40748,70874,40420,7585,35330,5090,214,0,2709.0
44063,110553,82785,19318,49662,33123,11229,447,-3023.0
48313,104330,70086,15008,50124,19962,4082,67,-939.0
48266,95124,59781,12144,46698,13083,1728,10,779.0
46080,109316,78490,17703,50762,27728,7792,216,-2449.0
47688,92403,57346,11534,45488,11858,1427,6,1097.0
41739,111445,87325,21126,47894,39431,15657,859,-3507.0
40485,110977,89365,22168,45722,43643,19533,1353,-3295.0
48700,98281,62878,12959,48002,14876,2277,22,338.0
43393,110957,84139,19821,49352,34787,12253,533,-3246.0
39273,110824,91492,23187,43862,47630,23100,1903,-3246.0
46975,107074,74767,16501,50528,24239,6018,113,-1833.0
48018,103120,69023,14741,49600,19423,3920,58,-820.0
48795,100867,65659,13715,49028,16631,2811,23,-128.0
48322,94019,58508,11791,46270,12238,1479,12,1020.0
35869,107340,98202,27708,30156,68046,47028,7667,-977.0
41980,111264,86774,20918,48040,38734,15184,796,-3428.0
47469,106585,73604,16101,50602,23002,5381,93,-1613.0
45408,109925,80160,18311,50454,29706,9017,290,-2668.0
44867,81234,47892,9246,40308,7584,618,1,2279.0
48604,98883,63630,13172,48228,15402,2427,18,179.0
24210,38537,20384,3584,19264,1120,9,0,2473.0
47450,91177,56213,11244,44962,11251,1253,4,1242.0
35571,105728,99982,29696,21788,78194,62152,13525,129.0
30480,49884,27048,4863,24918,2130,48,0,2781.0
40705,110923,88801,21920,46082,42719,18759,1297,-3337.0
48441,94779,59262,11992,46572,12690,1635,5,932.0
39231,110464,90957,22990,43974,46983,22516,1789,-3266.0
46841,108115,76171,16930,50762,25409,6591,145,-2033.0
44884,81178,47790,9211,40314,7476,550,0,2285.0
44270,110174,81835,18954,49946,31889,10282,370,-3023.0
48502,98937,63783,13223,48228,15555,2481,24,125.0
44612,80791,47610,9184,40116,7494,559,2,2247.0
46535,109328,78061,17542,50870,27191,7588,213,-2274.0
536,804,402,67,402,0,0,0,67.0
37470,109665,94632,24999,39270,55362,31125,3324,-2562.0
43207,76390,44197,8402,37982,6215,426,1,2612.0
48261,103611,69373,14823,49808,19565,3995,53,-800.0
47371,106761,73872,16180,50664,23208,5433,103,-1698.0
25316,40536,21561,3811,20256,1305,24,0,2530.0
43710,110646,83266,19490,49592,33674,11462,438,-3160.0
38385,110179,92721,23917,41940,50781,26299,2425,-2990.0
48568,101524,66565,13976,49274,17291,2976,28,-367.0
45265,109705,80070,18303,50322,29748,9061,289,-2673.0
35800,107162,98300,27837,29578,68722,48006,8020,-899.0
23786,37799,19965,3506,18894,1071,11,0,2446.0
40401,110974,89378,22167,45754,43624,19466,1371,-3362.0
45236,82593,48979,9496,40982,7997,629,2,2126.0
41189,111085,87866,21432,47140,40726,16805,973,-3462.0
35781,104870,100895,31222,14458,86437,75954,20155,584.0
46520,107994,76318,16992,50684,25634,6626,132,-2148.0
41629,111172,87212,21126,47668,39544,15836,875,-3457.0
46662,88016,53552,10605,43474,10078,1068,2,1593.0
37432,63434,35427,6534,31650,3777,134,0,2891.0
41829,110994,86551,20851,47996,38555,15002,763,-3465.0
48558,102469,67714,14316,49532,18182,3405,52,-513.0
38398,110317,92892,23969,41970,50922,26377,2420,-2996.0
42414,110995,85869,20577,48276,37593,14443,716,-3289.0
39210,67327,38029,7084,33554,4475,219,0,2828.0
37840,64158,35845,6613,32012,3833,134,0,2914.0
9168,13996,7120,1207,6998,122,0,0,1085.0
43635,110845,83754,19686,49392,34362,12061,527,-3142.0
48232,103826,69575,14867,49948,19627,3930,56,-886.0
45135,82564,49062,9532,40932,8130,700,1,2101.0
48697,104669,70057,14954,50390,19667,3889,45,-869.0
48575,104646,70131,14981,50376,19755,3894,41,-921.0
36908,108929,95349,25569,37284,58065,34361,4106,-2241.0
47946,105765,72157,15640,50474,21683,4817,76,-1302.0
46992,108520,76418,16969,51022,25396,6476,128,-2079.0
44451,110423,81964,18974,50084,31880,10255,331,-2982.0
35824,104778,100965,31452,13218,87747,78342,21488,559.0
43216,76978,44783,8549,38272,6511,434,0,2472.0
36181,107983,97167,26884,33030,64137,41923,6189,-1519.0
40876,110930,88445,21740,46450,41995,18030,1124,-3349.0
42732,75687,43840,8340,37640,6200,407,2,2545.0
39258,110683,91267,23094,43970,47297,22743,1792,-3252.0
48609,100387,65250,13607,48858,16392,2671,21,-135.0
28750,46557,25007,4458,23266,1741,25,0,2742.0
2300,3468,1743,292,1734,9,0,0,283.0
27654,44789,24069,4294,22374,1695,41,0,2640.0
48682,103782,69052,14670,50084,18968,3614,34,-718.0
45380,109365,79498,18114,50312,29186,8741,270,-2601.0
46819,88013,53395,10547,43508,9887,997,3,1654.0
41892,111216,87012,21041,47778,39234,15660,820,-3353.0
39195,67230,37944,7064,33504,4440,222,1,2845.0
47177,106811,74229,16322,50526,23703,5759,105,-1727.0
10582,16245,8309,1416,8122,187,1,0,1230.0
47776,104523,70847,15274,50050,20797,4423,74,-1174.0
45550,83279,49424,9586,41332,8092,615,0,2109.0
5720,8676,4386,739,4338,48,0,0,691.0
48529,101457,66530,13970,49240,17290,2977,25,-368.0
45218,82122,48502,9373,40766,7736,590,2,2225.0
24778,39715,21141,3739,19848,1293,19,0,2465.0
46312,109038,77844,17478,50820,27024,7398,212,-2360.0
48412,96981,61729,12673,47420,14309,2141,18,487.0
48864,100392,65072,13550,48844,16228,2704,32,-6.0
40198,110799,89642,22326,45328,44314,20143,1440,-3285.0
45990,83553,49371,9546,41466,7905,621,0,2262.0
46255,107934,76521,17077,50580,25941,6774,145,-2235.0
45373,109996,80197,18305,50564,29633,8868,271,-2731.0
39313,110637,91149,23058,43950,47199,22737,1829,-3233.0
28556,46238,24834,4427,23106,1728,26,0,2725.0
46701,107737,75882,16860,50604,25278,6529,125,-2014.0
44885,109975,80939,18629,50104,30835,9767,341,-2780.0
37942,110018,93523,24353,40928,52595,28162,2826,-2906.0
40408,111093,89386,22132,45980,43406,19133,1290,-3431.0
46358,108255,76787,17145,50704,26083,6847,164,-2255.0
35633,106651,98912,28457,27082,71830,52487,9677,-563.0
6704,10180,5152,869,5090,62,0,0,807.0
36935,109244,95222,25383,38146,57076,32952,3729,-2470.0
40219,110898,89661,22309,45468,44193,19962,1405,-3327.0
43209,77211,45025,8611,38384,6641,443,1,2412.0
45787,108698,78001,17570,50582,27419,7534,165,-2480.0
45587,83634,49790,9685,41470,8320,694,1,2058.0
4460,6760,3415,575,3380,35,0,0,540.0
48531,98833,63636,13180,48192,15444,2449,31,154.0
35651,105199,100499,30522,17866,82633,69467,16927,429.0
42464,75230,43559,8280,37438,6121,354,0,2513.0
35584,105725,99898,29630,22016,77882,61693,13314,127.0
35727,106598,99088,28643,26318,72770,53962,10261,-426.0
48421,98311,63118,13036,48020,15098,2271,17,192.0
36140,107928,97098,26836,33180,63918,41568,6012,-1526.0
46402,108689,77426,17364,50668,26758,7353,184,-2225.0
47855,104453,70665,15210,50070,20595,4313,71,-1143.0
42389,111254,86357,20767,48112,38245,15030,827,-3275.0
48347,100208,65361,13675,48672,16689,2864,25,-175.0
23596,37448,19757,3466,18718,1039,12,0,2439.0
37753,109850,93943,24599,40292,53651,29266,2967,-2753.0
40825,110959,88309,21658,46670,41639,17619,1121,-3483.0
3900,5892,2967,498,2946,21,0,0,477.0
45671,109615,79469,18072,50506,28963,8603,259,-2547.0
37456,109724,94338,24796,39900,54438,29924,3008,-2726.0
46515,108414,76896,17182,50700,26196,7014,185,-2185.0
48846,103136,68146,14399,49898,18248,3340,34,-543.0
12548,19398,9988,1713,9698,290,2,0,1425.0
48824,102388,67304,14161,49642,17662,3104,24,-421.0
45740,109183,78798,17847,50514,28284,8155,210,-2492.0
35678,105521,100160,30020,20200,79960,65121,14884,297.0
39937,110981,90371,22625,44992,45379,20997,1541,-3298.0
48060,105394,71564,15450,50428,21136,4538,72,-1220.0
47851,104556,70789,15247,50096,20693,4364,81,-1163.0
14508,22502,11622,1999,11250,372,2,0,1629.0
39656,68668,39050,7315,34210,4840,248,0,2723.0
46419,108518,77103,17248,50718,26385,7082,189,-2244.0
41484,111415,87815,21363,47452,40363,16511,990,-3479.0
48311,105040,70878,15226,50400,20478,4240,65,-1077.0
44875,81619,48280,9345,40490,7790,639,3,2191.0
38444,110492,92879,23919,42244,50635,26004,2376,-3088.0
40697,111162,89067,21979,46260,42807,18642,1191,-3377.0
36468,108545,96503,26333,35008,61495,38529,5274,-1907.0
35728,107054,98315,27869,29416,68899,48222,8072,-880.0
27490,44231,23623,4190,22106,1517,19,0,2692.0
46067,85355,51218,10029,42262,8956,831,3,1901.0
48361,103638,69233,14757,49924,19309,3790,39,-801.0
27888,45008,24108,4288,22488,1620,32,0,2700.0
48867,100732,65426,13641,49006,16420,2720,21,-80.0
47589,106440,73318,16008,50588,22730,5264,83,-1541.0
39093,110433,91122,23059,43890,47232,22653,1757,-3277.0
35680,105386,100359,30265,19128,81231,67130,15776,388.0
25176,40230,21355,3767,20108,1247,14,0,2534.0
38444,110054,92462,23831,41938,50524,26178,2464,-2979.0
35596,105889,99848,29479,22822,77026,60245,12622,76.0
2556,3860,1943,326,1930,13,0,0,313.0
46306,85417,51077,9973,42316,8761,785,4,1993.0
39381,110729,91158,23045,44046,47112,22637,1805,-3235.0
38920,110572,92022,23491,43098,48924,24376,2064,-3121.0
42309,74621,43075,8171,37124,5951,373,1,2592.0
48648,102202,67289,14180,49498,17791,3206,40,-445.0
48258,96887,61717,12671,47408,14309,2071,16,417.0
35937,104544,101375,32765,6160,95215,92224,29771,3.0
48456,100825,65934,13822,48936,16998,2953,34,-257.0
47853,94936,59967,12233,46536,13431,1864,15,651.0
48411,96650,61305,12543,47352,13953,1946,13,523.0
36041,107746,97556,27195,31942,65614,43862,6787,-1344.0
41090,111169,88233,21592,46914,41319,17341,1052,-3438.0
348,524,263,44,262,1,0,0,43.0
40712,111102,88661,21775,46672,41989,17758,1048,-3504.0
48008,92629,57287,11488,45646,11641,1337,6,1178.0
38926,110475,91696,23334,43388,48308,23699,1912,-3187.0
45552,83663,49847,9702,41482,8365,699,2,2034.0
21576,34148,17970,3145,17070,900,8,0,2253.0
48666,102421,67568,14266,49540,18028,3341,32,-453.0
41328,71750,40877,7667,35752,5125,246,0,2788.0
38082,110083,93183,24156,41430,51753,27223,2600,-2974.0
42891,111295,85476,20358,48804,36672,13687,659,-3286.0
14112,21850,11267,1935,10924,343,2,0,1594.0
9918,15177,7739,1315,7588,151,1,0,1165.0
38070,109985,93143,24165,41296,51847,27393,2648,-2937.0
47773,106748,73457,16024,50770,22687,5208,87,-1542.0
42594,110760,85109,20271,48592,36517,13576,658,-3328.0
47873,105824,72258,15668,50508,21750,4808,87,-1361.0
37314,63285,35382,6534,31560,3822,165,0,2877.0
41136,111204,88347,21650,46794,41553,17616,1084,-3371.0
40530,70061,39786,7444,34908,4878,245,0,2811.0
43758,110657,83235,19480,49590,33645,11477,456,-3144.0
47944,93354,58157,11735,45904,12253,1546,16,1012.0
44117,110283,82266,19130,49752,32514,10779,425,-3030.0
39414,110747,90891,22892,44430,46461,21887,1652,-3334.0
48921,101976,66750,14001,49494,17256,2988,39,-306.0
47920,94873,59824,12185,46538,13286,1797,10,686.0
35635,106023,99745,29376,23234,76511,59555,12439,-19.0
36599,108638,95888,25934,36172,59716,36294,4597,-2085.0
11640,17904,9174,1566,8952,222,0,0,1344.0
37082,109314,94872,25188,38616,56256,32082,3562,-2548.0
48064,94132,58890,11921,46254,12636,1624,8,901.0
47157,87701,52784,10362,43396,9388,909,5,1878.0
37500,109620,94150,24750,39800,54350,30020,3140,-2720.0
42717,110757,84906,20184,48708,36198,13341,645,-3318.0
44676,81444,48268,9358,40388,7880,668,4,2142.0
25264,40402,21461,3788,20194,1267,14,0,2535.0
32620,53606,29166,5259,26778,2388,50,0,2921.0
47828,92334,57166,11479,45458,11708,1418,8,1181.0
37931,109932,93394,24294,41024,52370,27884,2709,-2901.0
45672,84204,50343,9830,41706,8637,792,4,1981.0
41504,72890,41911,7921,36296,5615,298,0,2604.0
38446,110284,92608,23823,42278,50330,25728,2274,-3053.0
37754,109848,94239,24777,39816,54423,30216,3202,-2632.0
40568,110923,89038,22016,45980,43058,18963,1254,-3333.0
48078,105061,71123,15314,50362,20761,4337,64,-1174.0
35925,104577,101251,32269,8888,92363,86801,26377,330.0
7056,10712,5420,914,5356,64,0,0,850.0
38041,109930,93380,24300,40960,52420,28010,2699,-2809.0
35741,105107,100654,30762,16736,83918,71635,17953,526.0
43861,110645,83167,19467,49532,33635,11581,497,-3084.0
42897,75847,43865,8333,37732,6133,383,1,2582.0
40470,70195,39978,7499,34962,5016,271,0,2754.0
32864,54304,29684,5374,27124,2560,56,0,2870.0
35858,104652,101095,31787,11468,89627,81716,23362,514.0
48248,94146,58752,11872,46272,12480,1602,12,982.0
48387,99727,64776,13508,48504,16272,2719,27,-72.0
43513,110607,83683,19700,49166,34517,12275,569,-3111.0
46522,109436,78108,17532,51024,27084,7388,174,-2338.0
48428,102829,68276,14490,49612,18664,3605,46,-615.0
48206,104353,70276,15083,50054,20222,4245,60,-954.0
23906,38037,20114,3536,19012,1102,13,0,2447.0
46915,88452,53798,10651,43690,10108,1072,5,1610.0
41930,111009,86620,20908,47792,38828,15425,872,-3367.0
41601,111284,87389,21184,47674,39715,15936,883,-3478.0
34016,56214,30739,5568,28070,2669,74,0,2973.0
46678,107493,75589,16776,50522,25067,6449,160,-2002.0
44629,80369,47177,9075,39904,7273,561,1,2362.0
45561,109807,79684,18115,50678,29006,8451,237,-2677.0
40339,110998,89580,22253,45642,43938,19714,1361,-3332.0
48331,97599,62441,12864,47698,14743,2203,15,309.0
48176,93932,58559,11820,46198,12361,1536,12,983.0
48832,98584,63021,12970,48222,14799,2140,12,299.0
44162,110621,82729,19284,49754,32975,11113,436,-3014.0
49076,99602,63951,13211,48636,15315,2330,12,214.0
46310,108979,77812,17471,50798,27014,7383,168,-2328.0
35836,107172,98320,27870,29420,68900,48332,8188,-886.0
40072,69096,39156,7313,34434,4722,228,0,2819.0
40932,111410,88859,21833,46720,42139,17970,1116,-3452.0
45801,83870,49858,9687,41594,8264,682,3,2102.0
47782,92073,56908,11409,45362,11546,1349,4,1208.0
46366,108679,77379,17337,50736,26643,7207,172,-2271.0
48241,102669,68225,14481,49564,18661,3541,45,-684.0
43914,110542,82923,19374,49602,33321,11338,470,-3079.0
48170,93451,58056,11687,45990,12066,1471,4,1088.0
46460,107908,76401,17052,50490,25911,6928,168,-2099.0
46695,87689,53127,10479,43380,9747,929,7,1654.0
36176,108227,97034,26678,34000,63034,40227,5566,-1695.0
39397,110742,90908,22905,44386,46522,21970,1695,-3342.0
40857,110912,88464,21755,46398,42066,18116,1151,-3346.0
18224,28484,14818,2566,14240,578,4,0,1992.0
48736,101841,66813,14043,49368,17445,3105,38,-335.0
39226,67602,38284,7145,33698,4586,206,2,2763.0
38884,66424,37343,6926,33130,4213,164,0,2877.0
37449,109595,94294,24840,39548,54746,30499,3285,-2692.0
47855,106619,73157,15918,50806,22351,5007,99,-1525.0
43002,110925,84836,20142,48820,36016,13285,640,-3229.0
46521,108588,77050,17214,50816,26234,6956,167,-2231.0
35713,105209,100510,30549,17726,82784,69757,17057,465.0
47648,106355,73100,15929,50626,22474,5103,94,-1536.0
35625,106477,99125,28662,26278,72847,53921,10125,-389.0
48650,101967,67050,14119,49386,17664,3195,36,-386.0
48832,98125,62544,12847,48006,14538,2113,18,404.0
3892,5868,2949,494,2934,15,0,0,479.0
46056,109147,78325,17660,50690,27635,7767,218,-2426.0
35630,105540,100192,29979,20510,79682,64520,14514,303.0
9144,13972,7114,1207,6986,128,0,0,1079.0
41037,71465,40827,7677,35592,5235,281,1,2722.0
36485,108701,96155,26042,36058,60097,36585,4633,-2103.0
39996,110918,90059,22479,45244,44815,20430,1436,-3342.0
47539,90794,55729,11109,44804,10925,1186,5,1365.0
48418,98098,62926,12993,47894,15032,2310,18,253.0
31614,51965,28285,5103,25952,2333,61,0,2831.0
48156,95531,60347,12312,46822,13525,1887,14,660.0
48659,101938,67008,14108,49368,17640,3202,49,-379.0
40125,111052,89648,22232,45904,43744,19244,1243,-3511.0
43033,111613,85700,20406,48964,36736,13685,641,-3286.0
48249,104847,70822,15239,50210,20612,4427,69,-1015.0
48513,105082,70680,15139,50526,20154,4030,43,-1028.0
46485,108043,76546,17095,50522,26024,6999,177,-2107.0
36734,109102,95770,25723,37202,58568,34698,4174,-2321.0
24058,38379,20343,3584,19182,1161,15,0,2438.0
48733,101612,66510,13948,49332,17178,2948,35,-317.0
19326,30363,15872,2761,15178,694,7,0,2074.0
46612,109123,77679,17408,50910,26769,7303,182,-2240.0
35910,107402,97973,27574,30502,67471,46398,7594,-1093.0
48406,97883,62687,12926,47818,14869,2247,20,284.0
46856,87834,53228,10513,43378,9850,1078,4,1737.0
18384,28656,14870,2569,14326,544,4,0,2029.0
45428,83190,49440,9601,41274,8166,642,0,2077.0
16130,25109,13012,2245,12554,458,1,0,1788.0
23856,38124,20238,3570,19056,1182,12,0,2400.0
35282,58769,32354,5895,29338,3016,93,0,2972.0
43503,111129,84331,19891,49316,35015,12497,559,-3186.0
44235,110803,82705,19234,50006,32699,10791,423,-3097.0
35609,105362,100317,30224,19290,81027,66782,15639,340.0
36301,108226,96690,26507,34338,62352,39550,5447,-1742.0
42424,110926,85729,20523,48320,37409,14286,696,-3296.0
27088,43542,23237,4119,21760,1477,22,0,2664.0
35689,105040,100680,30801,16554,84126,71932,18079,528.0
36432,108512,96531,26335,35052,61479,38408,5148,-1884.0
42875,111088,85041,20183,48984,36057,13120,601,-3355.0
43851,110399,82851,19363,49524,33327,11351,447,-3060.0
47948,106047,72438,15711,50610,21828,4827,82,-1372.0
40426,70136,39945,7492,34938,5007,260,2,2743.0
2160,3256,1636,274,1628,8,0,0,266.0
45362,109961,80185,18306,50534,29651,8893,268,-2720.0
8168,12416,6290,1062,6208,82,0,0,980.0
48278,105273,71213,15331,50440,20773,4393,64,-1113.0
45622,110296,80256,18287,50790,29466,8716,242,-2705.0
40200,111151,89859,22341,45672,44187,19807,1394,-3433.0
44947,109509,80090,18318,50272,29818,8965,255,-2790.0
42943,111205,85250,20274,48856,36394,13493,659,-3286.0
43548,110657,83447,19559,49540,33907,11577,450,-3221.0
25952,41582,22125,3911,20784,1341,14,0,2584.0
48784,99252,63854,13214,48424,15430,2404,16,172.0
35671,105512,100340,30171,19654,80686,66204,15361,328.0
48257,94817,59466,12063,46554,12912,1709,17,843.0
35921,104562,101302,32426,8048,93254,88466,27403,235.0
47225,89761,54921,10924,44298,10623,1165,5,1461.0
47961,106553,73042,15889,50750,22292,5053,89,-1439.0
45088,109744,80317,18398,50246,30071,9252,316,-2737.0
45845,109239,78680,17786,50644,28036,7951,201,-2500.0
41847,111172,86888,20988,47848,39040,15476,849,-3425.0
33260,55102,30190,5477,27518,2672,66,0,2871.0
46667,87595,53092,10481,43298,9794,999,3,1683.0
39442,110693,90777,22849,44460,46317,21773,1628,-3323.0
48340,98505,63530,13184,47956,15574,2593,22,181.0
41424,73014,42117,7983,36336,5781,342,0,2544.0
36981,109292,95231,25399,38068,57163,33156,3871,-2479.0
48151,94420,59125,11977,46388,12737,1644,5,879.0
17462,27287,14192,2457,13642,550,3,0,1910.0
22098,35021,18452,3233,17506,946,9,0,2296.0
38148,64882,36366,6731,32346,4020,190,0,2901.0
39044,110771,91856,23369,43498,48358,23775,2026,-3240.0
36531,108538,96036,26059,35718,60318,37102,4873,-2030.0
48479,98742,63560,13157,48178,15382,2386,21,140.0
47024,107095,74729,16484,50554,24175,5987,122,-1826.0
43785,110493,82876,19340,49712,33164,11069,417,-3172.0
43849,78729,46108,8853,39098,7010,533,1,2375.0
43542,111059,84236,19864,49288,34948,12483,544,-3145.0
39382,110690,91151,23048,44014,47137,22662,1778,-3205.0
26032,41756,22242,3936,20868,1374,20,0,2582.0
43702,110779,83567,19612,49462,34105,11855,484,-3122.0
40489,110703,88628,21845,46186,42442,18331,1165,-3431.0
35655,106317,99350,28941,25054,74296,56209,11107,-253.0
35830,60391,33578,6170,30136,3442,119,0,2847.0
37654,109621,93855,24619,39996,53859,29629,3120,-2731.0
28868,46738,25098,4473,23358,1740,22,0,2755.0
42136,74054,42609,8058,36870,5739,314,0,2633.0
40474,110765,88911,21986,45906,43005,18953,1300,-3366.0
42372,111024,85746,20499,48498,37248,14028,684,-3405.0
48199,94143,58805,11893,46252,12553,1639,11,968.0
17796,27866,14520,2518,13932,588,2,0,1932.0
46384,108009,76486,17057,50630,25856,6749,146,-2196.0
36154,108041,97315,26933,33032,64283,41977,6132,-1505.0
43062,110899,84637,20057,48932,35705,13035,644,-3257.0
40271,111036,89531,22205,45832,43699,19372,1317,-3439.0
37750,109763,93733,24511,40400,53333,28963,2932,-2791.0
44713,110597,81926,18949,50158,31768,10281,369,-2907.0
46333,85408,51016,9948,42344,8672,720,3,1993.0
40622,110748,88694,21890,46048,42646,18652,1218,-3322.0
39816,110930,90370,22613,45062,45308,20806,1468,-3357.0
46014,109744,79197,17942,50742,28455,8260,222,-2475.0
29194,47465,25592,4579,23710,1882,45,0,2742.0
36642,62017,34604,6378,30940,3664,137,0,2851.0
44764,110541,81676,18842,50300,31376,9941,350,-2943.0
46889,107783,75659,16761,50752,24907,6279,129,-1996.0
41108,71362,40668,7632,35544,5124,274,0,2782.0
25860,41348,21959,3875,20668,1291,12,0,2596.0
35621,106276,99376,28956,25016,74360,56244,11075,-235.0
48051,95156,59999,12218,46690,13309,1776,9,676.0
48519,98015,62768,12947,47854,14914,2307,15,325.0
42484,111520,86535,20801,48264,38271,14992,824,-3302.0
23708,37706,19934,3504,18844,1090,18,0,2432.0
38295,110340,93147,24099,41700,51447,26940,2589,-2997.0
48493,100806,65910,13819,48906,17004,2994,31,-222.0
43084,76548,44435,8466,38074,6361,400,0,2505.0
42753,110812,85194,20321,48462,36732,13888,663,-3186.0
41169,71383,40645,7623,35552,5093,279,1,2808.0
36662,61895,34468,6343,30878,3590,139,0,2892.0
38722,65955,36991,6847,32900,4091,155,0,2911.0
46118,109069,78297,17674,50550,27747,7969,224,-2328.0
25142,40209,21361,3771,20096,1265,17,0,2523.0
37233,109324,94627,25077,38792,55835,31740,3523,-2541.0
48039,102321,68032,14447,49382,18650,3557,51,-697.0
48093,104640,70674,15197,50166,20508,4308,67,-1070.0
48265,105926,71973,15547,50664,21309,4598,71,-1235.0
5904,8952,4524,762,4476,48,0,0,714.0
48281,104240,70071,15019,50028,20043,4184,67,-907.0
48099,93597,58289,11759,46024,12265,1549,11,1032.0
48637,102531,67680,14292,49608,18072,3315,41,-506.0
48710,96528,60909,12412,47346,13563,1836,6,679.0
41375,72526,41665,7873,36092,5573,342,1,2641.0
35852,104693,101071,31671,12116,88955,80461,22618,559.0
39041,110644,91639,23282,43586,48053,23472,1947,-3246.0
46823,107641,75572,16746,50668,24904,6305,139,-1992.0
37844,109712,93628,24492,40304,53324,29104,3004,-2732.0
48840,95695,59876,12120,47032,12844,1631,6,901.0
44685,81106,47895,9257,40248,7647,610,3,2217.0
48741,98045,62578,12873,47918,14660,2209,21,401.0
48544,99518,64374,13379,48474,15900,2570,28,21.0
48734,98199,62745,12916,47994,14751,2211,12,364.0
45272,109554,79829,18217,50356,29473,8842,256,-2670.0
48713,100340,65133,13573,48828,16305,2684,19,-67.0
48507,94113,58482,11777,46302,12180,1509,7,1099.0
48777,98000,62432,12815,47974,14458,2052,15,394.0
47244,107034,74342,16331,50698,23644,5638,104,-1779.0
41320,110854,87428,21285,47146,40282,16562,956,-3391.0
48541,97570,62241,12797,47700,14541,2170,11,415.0
35929,104555,101308,32436,8000,93308,88555,27437,246.0
36820,108921,95759,25807,36676,59083,35569,4442,-2149.0
47809,105552,72016,15607,50390,21626,4772,87,-1334.0
42017,111260,86787,20936,47958,38829,15344,843,-3392.0
48374,95886,60511,12332,47030,13481,1826,10,667.0
46829,88523,53927,10687,43732,10195,1059,5,1546.0
35884,104718,101089,31735,11768,89321,81182,23076,520.0
47667,105399,72071,15656,50206,21865,4987,95,-1317.0
44578,109979,81325,18782,49958,31367,10063,336,-2858.0
36337,108371,96660,26443,34662,61998,39047,5309,-1817.0
34446,57305,31521,5740,28602,2919,101,0,2922.0
36506,108638,96291,26169,35568,60723,37502,4958,-2010.0
38378,110356,92884,23944,42104,50780,26148,2350,-3038.0
35022,58669,32443,5932,29294,3149,81,0,2864.0
46106,108878,77924,17531,50662,27262,7554,202,-2379.0
37463,109642,94109,24719,39904,54205,29834,3137,-2789.0
46594,107531,75694,16808,50540,25154,6451,156,-2051.0
36038,60677,33719,6195,30268,3451,141,0,2885.0
38886,110486,91883,23438,43138,48745,24210,2058,-3155.0
47043,88510,53749,10628,43730,10019,1050,5,1654.0
44337,110552,82336,19120,49952,32384,10648,383,-2999.0
47815,105915,72450,15731,50514,21936,4887,63,-1381.0
37605,109860,94345,24791,39944,54401,29972,3063,-2701.0
32466,53557,29238,5288,26748,2490,61,0,2859.0
36332,108311,96751,26530,34322,62429,39667,5526,-1758.0
47397,89897,54884,10893,44410,10474,1077,5,1491.0
47245,90422,55639,11120,44558,11081,1306,3,1342.0
46958,107354,75121,16610,50582,24539,6190,146,-1885.0
35915,107449,98030,27577,30598,67432,46253,7479,-1081.0
37521,109663,94184,24755,39838,54346,29987,3109,-2713.0
48253,99499,64580,13450,48460,16120,2579,25,-116.0
46985,88762,54024,10695,43878,10146,1006,3,1552.0
36309,108218,96899,26654,33874,63025,40470,5763,-1664.0
41548,110511,86373,20859,47592,38781,15327,854,-3449.0
47865,106208,72688,15785,50666,22022,4876,79,-1440.0
48376,97951,62830,12976,47804,15026,2343,14,279.0
