N0,N1,N2,Volume,Enclosing_surface,Contact_surface,TETRAVOXEL,OCTOVOXEL,MISC_Async
5647,14355,10961,2612,6250,4711,1855,115,-359.0
6209,12554,8056,1666,6116,1940,322,3,45.0
4708,7956,4433,816,3970,463,16,0,369.0
5506,14340,11117,2676,6178,4939,1984,114,-393.0
220,332,167,28,166,1,0,0,27.0
6000,10996,6552,1277,5442,1110,112,0,279.0
5778,10409,6110,1175,5170,940,69,0,304.0
5868,10782,6428,1252,5344,1084,94,0,262.0
4898,13881,12973,3926,2390,10583,9101,2380,64.0
4902,13881,12975,3938,2322,10653,9237,2464,58.0
6151,14014,9817,2176,6578,3239,858,17,-222.0
5422,14350,11389,2804,5954,5435,2442,154,-343.0
5528,9520,5390,1006,4744,646,32,0,392.0
5365,14557,11670,2890,6000,5670,2557,189,-412.0
5231,14339,11658,2927,5754,5904,2831,231,-377.0
6262,13518,9061,1934,6518,2543,482,2,-129.0
2496,3892,2020,349,1946,74,0,0,275.0
6182,13936,9687,2134,6570,3117,796,14,-201.0
5523,14338,11126,2683,6154,4972,2030,113,-372.0
6195,13314,8915,1904,6406,2509,502,5,-108.0
5586,14354,10993,2618,6278,4715,1798,94,-393.0
6368,13218,8634,1809,6414,2220,390,4,-25.0
5916,13974,10086,2295,6402,3684,1170,48,-267.0
4907,14154,12509,3431,4432,8077,5290,813,-169.0
5982,13814,9755,2174,6466,3289,882,18,-251.0
5054,8645,4865,903,4312,553,21,0,371.0
6119,13979,9787,2166,6578,3209,823,19,-239.0
6367,12989,8374,1736,6332,2042,325,3,16.0
5418,9605,5566,1059,4778,788,49,0,320.0
6350,12783,8161,1679,6248,1913,287,4,49.0
4957,14177,12420,3380,4560,7860,5057,757,-180.0
4912,13864,13027,4049,1760,11267,10344,3100,26.0
5124,14347,12006,3098,5424,6582,3499,330,-315.0
5915,14245,10352,2358,6556,3796,1133,31,-336.0
4997,14251,12114,3172,5196,6918,3859,425,-312.0
488,732,366,61,366,0,0,0,61.0
6000,14227,10270,2333,6542,3728,1143,38,-290.0
5662,10109,5889,1125,5028,861,53,0,317.0
3470,5601,2999,533,2800,199,1,0,335.0
5157,14342,11810,2997,5638,6172,3066,263,-372.0
6328,12958,8386,1745,6302,2084,354,4,11.0
5650,10221,6014,1158,5080,934,61,0,285.0
6122,13724,9502,2088,6476,3026,772,22,-188.0
6045,11623,7178,1439,5722,1456,179,1,161.0
6206,12445,7938,1634,6072,1866,301,4,65.0
208,312,156,26,156,0,0,0,26.0
6327,12878,8292,1718,6276,2016,326,5,23.0
6022,14048,10003,2245,6536,3467,976,22,-268.0
5293,14322,11567,2895,5764,5803,2794,243,-357.0
4904,14143,12598,3484,4292,8306,5559,862,-125.0
5214,14411,11862,3016,5628,6234,3155,288,-351.0
6184,14282,10067,2239,6700,3367,882,24,-270.0
4906,13877,13006,3983,2114,10892,9649,2688,52.0
5040,14295,12164,3195,5158,7006,3979,454,-286.0
4867,13989,12798,3696,3420,9378,7149,1487,-20.0
5800,10372,6050,1157,5158,892,56,0,321.0
6181,13367,9004,1934,6404,2600,559,9,-116.0
6365,13702,9178,1960,6596,2582,510,7,-119.0
5438,14394,11311,2753,6104,5207,2186,130,-398.0
6186,13137,8721,1850,6342,2379,453,4,-80.0
6062,14256,10195,2296,6614,3581,1028,38,-295.0
6371,13109,8501,1770,6382,2119,345,3,-7.0
4885,13974,12791,3709,3328,9463,7318,1571,-7.0
6278,13042,8530,1790,6320,2210,402,6,-24.0
4896,13999,12732,3657,3522,9210,6955,1430,-28.0
4896,14085,12677,3570,3934,8743,6217,1126,-82.0
6038,11413,6951,1377,5640,1311,133,0,199.0
4871,14041,12676,3574,3908,8768,6225,1099,-68.0
5443,14311,11280,2763,5982,5298,2347,163,-351.0
4580,7742,4314,794,3864,450,14,0,358.0
5422,14441,11344,2755,6158,5186,2125,124,-430.0
5937,11037,6638,1302,5464,1174,109,1,236.0
5365,14410,11510,2846,5944,5566,2522,183,-381.0
4895,13939,12869,3794,2974,9895,7991,1859,31.0
4988,14153,12264,3298,4740,7524,4673,646,-199.0
6001,14016,9984,2241,6522,3462,972,23,-272.0
5866,10493,6130,1175,5210,920,73,0,328.0
5036,8628,4859,902,4306,553,16,0,365.0
6379,13380,8800,1853,6482,2318,416,5,-54.0
6199,13598,9274,2014,6464,2810,670,13,-139.0
5890,14138,10273,2343,6488,3785,1162,38,-318.0
384,576,288,48,288,0,0,0,48.0
6245,13190,8739,1853,6360,2379,470,3,-59.0
5912,14416,10585,2435,6560,4025,1296,60,-354.0
6002,10937,6480,1256,5424,1056,89,0,289.0
5933,14299,10454,2400,6508,3946,1283,49,-312.0
5264,14329,11543,2874,5842,5701,2645,214,-396.0
6394,13237,8625,1803,6432,2193,373,4,-21.0
1652,2532,1293,220,1266,27,0,0,193.0
900,1384,709,121,692,17,0,0,104.0
2812,4470,2362,415,2234,128,2,0,289.0
4913,13872,13047,4070,1674,11373,10524,3203,18.0
4890,14098,12586,3495,4202,8384,5694,922,-117.0
200,300,150,25,150,0,0,0,25.0
5483,14480,11348,2757,6154,5194,2172,141,-406.0
4898,13899,12975,3920,2430,10545,9039,2360,54.0
6285,12274,7659,1547,6036,1623,202,3,123.0
5090,14324,12071,3139,5308,6763,3708,386,-302.0
4694,7953,4443,820,3966,477,21,0,364.0
4939,14172,12531,3442,4410,8121,5352,817,-144.0
5610,14315,10952,2609,6250,4702,1815,84,-362.0
5510,14377,11146,2682,6200,4946,1977,116,-403.0
6184,13724,9419,2053,6520,2899,684,12,-174.0
5450,14408,11360,2778,6052,5308,2304,150,-376.0
256,388,196,33,194,2,0,0,31.0
4894,13966,12824,3738,3220,9604,7526,1646,14.0
5807,14061,10293,2363,6408,3885,1245,47,-324.0
5732,10178,5906,1125,5062,844,54,0,335.0
6158,12046,7533,1525,5916,1617,214,2,120.0
1566,2429,1255,216,1214,41,1,0,176.0
4955,14211,12414,3360,4668,7746,4875,691,-202.0
6107,13733,9495,2079,6516,2979,701,11,-210.0
6010,13748,9630,2132,6468,3162,812,22,-240.0
6324,13578,9082,1938,6536,2546,506,8,-110.0
6331,13158,8591,1798,6394,2197,370,5,-34.0
4943,14085,12529,3483,4160,8369,5765,975,-96.0
6296,11932,7288,1448,5888,1400,156,0,204.0
5825,10518,6190,1194,5216,974,86,3,303.0
5109,14410,12107,3137,5392,6715,3626,379,-331.0
5495,14476,11369,2772,6106,5263,2264,157,-384.0
4917,14118,12638,3531,4090,8548,5938,1015,-94.0
6276,11880,7259,1444,5854,1405,172,0,211.0
5891,14245,10396,2378,6524,3872,1197,39,-336.0
6305,13170,8644,1818,6380,2264,410,3,-39.0
4881,14012,12853,3729,3332,9521,7348,1563,-7.0
6278,12878,8335,1733,6272,2063,334,2,2.0
4892,14011,12791,3683,3484,9307,7043,1430,-11.0
4959,14137,12434,3403,4450,7984,5237,803,-147.0
5940,14350,10513,2418,6518,3995,1314,52,-315.0
5429,14427,11426,2809,5998,5428,2431,193,-381.0
6239,12291,7731,1573,6024,1707,243,3,106.0
5698,14394,10841,2542,6430,4411,1534,62,-397.0
5190,8949,5073,948,4458,615,33,0,366.0
5302,14458,11704,2928,5840,5864,2778,222,-380.0
6378,13474,8893,1876,6530,2363,414,6,-79.0
5318,14473,11709,2930,5838,5871,2797,232,-376.0
6333,12746,8153,1682,6214,1939,318,3,58.0
5197,14382,11767,2966,5738,6029,2906,227,-384.0
6332,13090,8518,1779,6362,2156,366,8,-19.0
4899,14092,12651,3543,4044,8607,6004,1025,-85.0
4939,14130,12457,3414,4430,8027,5270,805,-148.0
5902,14092,10168,2303,6518,3650,1056,34,-325.0
5218,8905,5004,928,4440,564,25,0,389.0
5422,9453,5405,1017,4708,697,37,0,357.0
5911,14366,10572,2441,6498,4074,1370,61,-324.0
6259,13620,9228,1993,6498,2730,624,13,-126.0
6297,12494,7886,1607,6130,1756,234,3,82.0
4912,13875,13019,4023,1900,11119,10075,2946,33.0
4912,13871,13035,4044,1806,11229,10259,3042,32.0
6261,12893,8359,1739,6284,2075,325,1,-12.0
5548,9740,5601,1059,4848,753,44,0,350.0
5383,14469,11598,2881,5910,5688,2649,211,-369.0
6276,12733,8183,1693,6208,1975,317,2,33.0
2954,4701,2486,437,2350,136,1,0,302.0
6288,12650,8062,1655,6194,1868,262,4,45.0
6019,12021,7613,1554,5902,1711,217,3,57.0
6297,13658,9238,1993,6518,2720,622,11,-116.0
5854,10503,6142,1177,5222,920,59,0,316.0
4912,14065,12651,3566,3906,8745,6253,1142,-68.0
6032,11266,6801,1338,5574,1227,118,0,229.0
6190,11913,7363,1477,5864,1499,185,0,163.0
5494,14460,11341,2761,6116,5225,2228,150,-386.0
5828,10530,6194,1193,5230,964,70,0,299.0
5024,14282,12259,3253,5000,7259,4282,528,-252.0
6048,11516,7060,1407,5678,1382,160,0,185.0
5646,10015,5810,1107,4978,832,59,0,334.0
4962,14168,12464,3409,4474,7990,5220,790,-151.0
5466,14485,11348,2749,6202,5146,2081,104,-420.0
6177,14290,10065,2235,6720,3345,850,23,-283.0
6325,12646,8039,1649,6184,1855,278,3,69.0
5813,14405,10775,2520,6430,4345,1545,57,-337.0
6287,13312,8828,1873,6418,2410,476,9,-70.0
6171,13567,9281,2022,6430,2851,707,15,-137.0
3456,5544,2954,523,2770,184,4,0,343.0
6086,13696,9522,2100,6444,3078,808,18,-188.0
4952,14188,12506,3425,4462,8044,5264,800,-155.0
5948,11124,6721,1323,5504,1217,116,0,222.0
5028,14345,12262,3233,5126,7136,4093,478,-288.0
3988,6486,3498,626,3240,258,6,0,374.0
5186,14336,11927,3075,5404,6523,3528,378,-298.0
5074,14316,12097,3153,5276,6821,3764,394,-298.0
6172,13800,9520,2083,6542,2978,716,12,-191.0
6087,14243,10170,2290,6600,3570,1043,39,-276.0
4920,14168,12514,3430,4448,8066,5272,800,-164.0
6101,13942,9775,2166,6554,3221,834,11,-232.0
5861,14204,10437,2408,6426,4011,1352,63,-314.0
5746,10501,6228,1207,5214,1014,73,0,266.0
5670,10179,5956,1142,5060,896,59,0,305.0
2012,3108,1599,274,1554,45,0,0,229.0
5736,10372,6110,1179,5146,964,80,0,295.0
6465,13504,8856,1861,6546,2310,412,7,-44.0
6246,12726,8183,1691,6220,1963,286,2,12.0
6356,13522,9037,1934,6470,2567,582,12,-63.0
3610,5865,3160,565,2930,230,5,0,340.0
5901,14109,10232,2331,6478,3754,1153,37,-307.0
6234,13961,9653,2117,6604,3049,753,12,-191.0
5926,13972,10004,2252,6496,3508,980,18,-294.0
5738,10137,5856,1111,5046,810,45,0,346.0
4912,13869,13049,4076,1642,11407,10585,3238,16.0
5862,14099,10259,2343,6460,3799,1179,44,-321.0
5262,14409,11706,2938,5784,5922,2841,236,-379.0
5681,14259,10790,2552,6268,4522,1723,93,-340.0
6218,12238,7684,1560,6008,1676,222,2,104.0
5843,14444,10733,2493,6508,4225,1428,57,-361.0
6229,13745,9409,2048,6530,2879,685,9,-155.0
6119,13776,9559,2102,6506,3053,764,13,-200.0
6184,13972,9734,2149,6574,3160,824,16,-203.0
6363,13936,9525,2076,6594,2931,748,17,-124.0
4931,14134,12424,3387,4526,7898,5082,737,-166.0
4877,13977,12811,3718,3314,9497,7349,1577,-7.0
6382,12707,8054,1648,6220,1834,267,0,81.0
5055,14267,12245,3254,4966,7279,4335,531,-221.0
6273,13088,8553,1789,6372,2181,344,3,-51.0
4192,6864,3724,670,3428,296,8,0,382.0
5150,8929,5079,951,4452,627,25,0,349.0
5805,14263,10570,2453,6422,4148,1419,65,-341.0
6341,13574,9086,1944,6508,2578,558,15,-91.0
4954,8561,4864,911,4262,602,37,0,346.0
5175,14424,11981,3070,5542,6439,3340,309,-338.0
2708,4264,2233,389,2132,101,0,0,288.0
5530,14432,11187,2690,6234,4953,1964,106,-405.0
2052,3192,1653,285,1596,57,0,0,228.0
5430,14472,11492,2830,6004,5488,2464,186,-380.0
5793,14006,10279,2369,6344,3935,1318,55,-303.0
6135,14059,9906,2208,6564,3342,931,23,-226.0
5806,10773,6465,1265,5340,1125,93,0,233.0
3782,6145,3311,592,3070,241,5,0,356.0
6127,14180,10029,2238,6630,3399,920,21,-262.0
2312,3620,1886,327,1810,76,0,0,251.0
3486,5581,2967,524,2790,177,1,0,348.0
6212,11622,7034,1388,5740,1294,142,0,236.0
5133,14396,12032,3102,5452,6580,3492,347,-333.0
6117,13902,9736,2159,6518,3218,866,15,-208.0
5327,14411,11585,2882,5878,5707,2655,211,-381.0
5773,14407,10788,2524,6432,4356,1543,81,-370.0
4878,13896,12938,3874,2632,10306,8632,2154,46.0
6112,14144,9994,2228,6620,3374,904,24,-266.0
5872,14144,10326,2369,6438,3888,1268,64,-315.0
6171,11778,7232,1443,5806,1426,166,1,182.0
6098,13787,9622,2130,6464,3158,859,28,-197.0
6395,12839,8200,1690,6260,1940,319,3,66.0
6240,13122,8653,1827,6344,2309,434,8,-56.0
6305,12441,7840,1598,6092,1748,257,1,106.0
5776,10684,6400,1251,5294,1106,96,0,241.0
3666,5897,3148,558,2948,200,1,0,359.0
4911,14154,12509,3428,4450,8059,5254,785,-162.0
5066,14308,12093,3153,5268,6825,3772,402,-302.0
5559,14316,11037,2651,6168,4869,1980,133,-371.0
1948,3012,1551,266,1506,45,0,0,221.0
6223,13281,8872,1895,6374,2498,533,11,-81.0
1884,2928,1515,261,1464,51,0,0,210.0
4969,14205,12355,3330,4730,7625,4745,661,-211.0
4988,8480,4745,876,4234,511,12,0,377.0
5852,10769,6441,1260,5322,1119,125,2,264.0
6200,12409,7912,1629,6050,1862,309,2,74.0
2374,3693,1913,330,1846,67,1,0,264.0
6112,14149,10032,2246,6588,3444,973,26,-251.0
4558,7599,4186,763,3794,392,11,0,382.0
6190,12077,7539,1524,5934,1605,209,0,128.0
5598,9965,5797,1107,4952,845,61,0,323.0
4650,7801,4318,790,3896,422,9,0,377.0
5910,14061,10191,2326,6426,3765,1209,56,-286.0
5806,10601,6289,1220,5258,1031,85,0,274.0
6342,13726,9237,1981,6588,2649,550,10,-128.0
4892,13957,12807,3723,3276,9531,7405,1578,19.0
4923,14151,12459,3401,4512,7947,5127,751,-170.0
6297,12297,7678,1552,6044,1634,209,1,126.0
4512,7534,4155,758,3762,393,10,0,375.0
6045,14142,10110,2281,6534,3576,1074,47,-268.0
5034,14251,12249,3259,4944,7305,4363,544,-227.0
6166,13853,9606,2113,6534,3072,785,20,-194.0
5228,14354,11735,2962,5698,6037,2958,236,-353.0
6235,13521,9121,1961,6476,2645,569,11,-126.0
2172,3392,1763,305,1696,67,0,0,238.0
6156,13694,9422,2058,6496,2926,702,8,-174.0
6250,12295,7734,1575,6018,1716,259,4,114.0
4902,14069,12645,3559,3936,8709,6197,1128,-81.0
5723,14303,10717,2506,6398,4319,1507,63,-369.0
5766,14244,10639,2488,6350,4289,1544,70,-327.0
6081,13001,8690,1856,6244,2446,513,9,-86.0
6073,13853,9718,2157,6494,3224,865,17,-219.0
6042,11882,7444,1507,5846,1598,190,2,97.0
6532,13482,8771,1832,6550,2221,382,4,-11.0
4903,14084,12546,3481,4206,8340,5672,929,-116.0
6174,13629,9321,2027,6480,2841,669,16,-161.0
5673,14397,10893,2563,6408,4485,1581,53,-394.0
6332,13703,9214,1974,6584,2630,535,10,-131.0
2048,3184,1648,284,1592,56,0,0,228.0
6207,13297,8868,1886,6420,2448,457,3,-108.0
5969,11315,6913,1374,5582,1331,151,1,193.0
5061,14293,12052,3133,5306,6746,3681,381,-313.0
4770,8089,4522,835,4034,488,21,0,368.0
5614,10035,5862,1124,4980,882,75,0,317.0
6178,11633,7068,1398,5748,1320,137,0,215.0
4959,14202,12461,3394,4558,7903,5086,753,-176.0
5083,14318,12024,3113,5370,6654,3578,361,-324.0
5358,14457,11601,2881,5916,5685,2625,200,-379.0
6232,13460,9066,1948,6444,2622,572,8,-110.0
6317,12694,8097,1665,6204,1893,286,3,55.0
1884,2892,1479,252,1446,33,0,0,219.0
5337,14410,11609,2895,5848,5761,2714,207,-359.0
5452,14474,11406,2784,6108,5298,2258,144,-400.0
6232,12412,7868,1610,6076,1792,260,0,78.0
6306,13185,8653,1819,6392,2261,401,4,-45.0
5761,14614,11116,2637,6410,4706,1794,99,-374.0
6165,11747,7214,1441,5782,1432,183,1,191.0
6088,14090,9984,2234,6564,3420,962,28,-252.0
572,864,435,73,432,3,0,0,70.0
6100,13803,9647,2137,6472,3175,859,14,-193.0
5040,8730,4967,931,4348,619,34,0,346.0
6263,13532,9130,1967,6458,2672,616,17,-106.0
5690,14217,10684,2509,6314,4370,1589,80,-352.0
4348,7236,3983,726,3610,373,16,0,369.0
4916,14140,12617,3508,4186,8431,5768,960,-115.0
5528,14424,11182,2689,6230,4952,1964,104,-403.0
6105,13752,9535,2095,6500,3035,752,19,-207.0
6046,11401,6937,1374,5630,1307,141,0,208.0
4926,14110,12476,3432,4360,8116,5390,846,-140.0
6158,13745,9508,2089,6482,3026,781,12,-168.0
5374,14366,11423,2813,5968,5455,2430,170,-382.0
6075,13369,9116,1977,6370,2746,629,15,-155.0
4889,14062,12695,3587,3868,8827,6326,1151,-65.0
6006,11241,6799,1340,5558,1241,125,0,224.0
1288,1972,1006,171,986,20,0,0,151.0
6324,12156,7491,1497,6000,1491,156,0,162.0
5873,14499,10714,2472,6596,4118,1307,45,-384.0
4900,14036,12736,3635,3662,9074,6712,1308,-35.0
5429,14435,11378,2778,6088,5290,2259,153,-406.0
1260,1928,983,167,964,19,0,0,148.0
4912,13869,13027,4035,1844,11183,10181,2998,35.0
4858,8303,4671,867,4140,531,23,0,359.0
5978,14333,10389,2362,6606,3783,1121,28,-328.0
388,584,293,49,292,1,0,0,48.0
5057,14284,12122,3181,5158,6964,3968,471,-286.0
4056,6716,3680,668,3352,328,12,0,352.0
5712,10134,5873,1117,5044,829,46,0,334.0
1796,2780,1433,246,1390,43,0,0,203.0
5160,8824,4966,922,4400,566,24,0,380.0
6159,13782,9523,2088,6518,3005,746,17,-188.0
5755,14331,10694,2493,6430,4264,1471,75,-375.0
428,644,323,54,322,1,0,0,53.0
6358,13260,8722,1842,6392,2330,476,10,-22.0
4572,7776,4357,806,3878,479,20,0,347.0
6285,12717,8153,1683,6208,1945,301,1,38.0
5475,14358,11252,2739,6070,5182,2218,145,-370.0
6063,13842,9691,2145,6512,3179,818,17,-233.0
6290,12975,8428,1757,6314,2114,347,4,-14.0
5585,14324,11011,2637,6200,4811,1924,115,-365.0
4836,8178,4558,839,4082,476,14,0,377.0
5086,8731,4930,918,4352,578,27,0,367.0
6160,13545,9217,1994,6470,2747,605,14,-162.0
5998,13908,9847,2200,6494,3353,920,30,-263.0
5929,11173,6794,1345,5518,1276,137,1,205.0
5171,14310,11812,3011,5558,6254,3194,289,-338.0
6135,14011,9833,2183,6568,3265,875,19,-226.0
5648,10036,5826,1110,4992,834,52,0,328.0
6303,13078,8554,1796,6332,2222,414,5,-17.0
2352,3636,1872,321,1818,54,0,0,267.0
5736,14267,10671,2493,6384,4287,1499,58,-353.0
4909,14132,12511,3439,4388,8123,5356,823,-151.0
6038,14352,10409,2377,6556,3853,1240,46,-282.0
5682,10197,5964,1143,5070,894,57,0,306.0
5210,8917,5026,935,4442,584,33,0,384.0
6032,14132,10091,2271,6556,3535,1020,36,-280.0
6151,12245,7754,1585,5998,1756,249,3,75.0
6039,14286,10259,2317,6616,3643,1054,33,-305.0
4366,7223,3954,717,3606,348,11,0,380.0
5013,14248,12070,3150,5240,6830,3768,403,-315.0
6103,13733,9523,2093,6488,3035,757,15,-200.0
5889,14350,10584,2448,6480,4104,1390,59,-325.0
6224,12187,7623,1543,5988,1635,211,2,117.0
4929,14164,12545,3458,4342,8203,5480,883,-148.0
5436,14458,11458,2815,6026,5432,2406,168,-379.0
6217,13735,9423,2057,6504,2919,727,17,-152.0
4895,13895,12973,3920,2426,10547,9043,2363,53.0
5168,14348,11845,3019,5576,6269,3196,300,-354.0
6023,14022,9954,2227,6546,3408,930,21,-272.0
3184,5122,2737,486,2558,179,6,0,313.0
6064,11476,7011,1395,5652,1359,172,4,204.0
6222,13685,9309,2012,6546,2763,593,8,-166.0
6290,12728,8157,1683,6216,1941,296,2,36.0
6129,13933,9709,2139,6584,3125,765,13,-234.0
4866,14039,12621,3544,3978,8643,6083,1080,-96.0
5114,8835,5013,937,4404,609,27,0,355.0
5240,14428,11789,2974,5734,6055,2960,252,-373.0
6318,13557,9072,1937,6522,2550,513,4,-104.0
5862,10611,6254,1207,5266,988,79,0,298.0
5790,10581,6291,1224,5238,1053,105,0,276.0
6183,12416,7896,1617,6090,1806,236,1,46.0
5613,14393,11052,2643,6246,4806,1901,109,-371.0
5973,13978,10004,2258,6460,3544,1058,31,-259.0
6231,13881,9552,2086,6588,2964,705,11,-184.0
6277,13366,8896,1892,6440,2456,486,7,-85.0
4929,14152,12420,3380,4560,7860,5032,735,-183.0
5165,14451,12140,3148,5392,6748,3667,361,-294.0
4899,13908,12973,3914,2462,10511,8984,2337,50.0
6170,13602,9296,2021,6466,2830,670,18,-157.0
5404,14420,11485,2837,5948,5537,2524,192,-368.0
6323,12856,8275,1714,6266,2009,324,1,28.0
5116,8670,4846,895,4322,524,26,0,397.0
2178,3393,1760,304,1696,64,1,0,241.0
5069,14322,12067,3136,5318,6749,3686,395,-322.0
6086,14006,9882,2204,6540,3342,926,30,-242.0
6036,13984,9894,2208,6540,3354,904,20,-262.0
6251,12950,8455,1772,6278,2177,394,5,-16.0
6156,13181,8826,1888,6324,2502,533,6,-87.0
4918,14126,12501,3443,4344,8157,5438,874,-150.0
6040,14318,10299,2329,6624,3675,1070,32,-308.0
5783,14225,10539,2443,6420,4119,1385,55,-346.0
5984,11193,6776,1338,5524,1252,145,2,229.0
5827,14362,10670,2481,6454,4216,1454,65,-346.0
6224,12337,7792,1590,6044,1748,249,2,89.0
5570,9895,5745,1095,4920,825,55,0,325.0
4894,14111,12654,3547,4026,8628,6059,1088,-110.0
4886,13958,12862,3766,3128,9734,7702,1710,24.0
6227,12394,7846,1603,6074,1772,246,1,76.0
5834,14195,10418,2394,6472,3946,1251,36,-337.0
6329,13410,8911,1896,6446,2465,518,15,-66.0
5638,14454,11075,2642,6298,4777,1858,106,-383.0
6072,11702,7244,1456,5752,1492,198,4,158.0
4885,13959,12851,3753,3184,9667,7591,1653,24.0
6214,13697,9331,2019,6548,2783,601,8,-171.0
5945,14103,10145,2294,6526,3619,1051,33,-307.0
4861,14047,12700,3589,3866,8834,6315,1145,-75.0
6204,11684,7093,1401,5780,1313,124,0,212.0
6375,13077,8460,1758,6372,2088,333,3,0.0
5160,8848,4990,928,4412,578,24,0,374.0
5528,14352,11115,2677,6168,4947,2016,132,-386.0
6002,14111,10107,2279,6540,3567,1031,24,-281.0
6208,12368,7832,1600,6064,1768,240,0,72.0
3128,4980,2634,463,2490,144,0,0,319.0
6107,13974,9796,2171,6566,3230,842,25,-242.0
5052,8610,4832,895,4294,538,22,0,379.0
6109,14022,9870,2196,6564,3306,894,23,-239.0
5025,14258,12237,3249,4980,7257,4298,535,-245.0
4490,7525,4164,762,3756,408,13,0,367.0
4484,7504,4145,757,3748,397,8,0,368.0
2432,3788,1964,339,1894,70,0,0,269.0
6309,13078,8539,1789,6344,2195,390,3,-19.0
6125,14257,10120,2265,6650,3470,957,29,-277.0
5342,14420,11600,2890,5860,5740,2700,218,-368.0
4862,8249,4609,850,4118,491,13,0,372.0
5851,14360,10607,2451,6508,4099,1344,49,-353.0
4989,14184,12384,3359,4614,7770,4956,715,-170.0
6261,13128,8632,1817,6362,2270,404,3,-52.0
6132,11558,7042,1398,5696,1346,166,0,218.0
4046,6569,3537,632,3282,255,5,0,382.0
5721,14437,10909,2572,6386,4523,1665,93,-379.0
4893,14134,12498,3426,4440,8058,5254,791,-169.0
5488,9674,5579,1057,4816,763,42,0,336.0
5018,14266,12350,3318,4792,7558,4682,658,-216.0
6341,13482,8972,1909,6490,2482,502,7,-78.0
208,316,160,27,158,2,0,0,25.0
6177,13497,9120,1959,6486,2634,525,9,-159.0
6156,13796,9544,2095,6518,3026,760,20,-191.0
4914,14005,12772,3687,3422,9350,7161,1504,-6.0
5722,14436,10916,2574,6388,4528,1660,78,-372.0
6043,14051,9990,2241,6534,3456,983,27,-259.0
5348,14318,11366,2791,5986,5380,2346,152,-395.0
5088,14353,12018,3098,5448,6570,3457,330,-345.0
4880,14020,12720,3611,3774,8946,6472,1168,-31.0
6233,13055,8603,1818,6298,2305,459,9,-37.0
4430,7373,4057,739,3680,377,13,0,375.0
6128,13780,9546,2095,6522,3024,736,8,-201.0
4912,13872,13042,4060,1724,11318,10424,3144,22.0
6262,12259,7668,1552,6024,1644,211,0,119.0
6285,12560,7980,1636,6144,1836,272,3,69.0
6008,11270,6829,1348,5570,1259,130,0,219.0
5763,14447,10865,2549,6436,4429,1575,63,-368.0
612,932,473,80,466,7,0,0,73.0
4899,14105,12614,3516,4132,8482,5841,983,-108.0
6146,13721,9495,2088,6462,3033,797,20,-168.0
6150,11849,7329,1471,5832,1497,185,0,159.0
6304,13212,8710,1841,6374,2336,464,8,-39.0
6366,13083,8495,1773,6352,2143,379,4,5.0
6082,13984,9810,2171,6594,3216,796,14,-263.0
6189,12703,8226,1711,6186,2040,331,1,1.0
5935,10956,6548,1277,5434,1114,88,1,250.0
5409,14447,11470,2823,6002,5468,2443,189,-391.0
6002,14071,10030,2251,6554,3476,963,28,-290.0
5476,9610,5518,1041,4790,728,30,0,343.0
6123,13906,9696,2139,6558,3138,790,17,-226.0
5607,14340,11072,2669,6130,4942,2080,137,-330.0
5995,11394,6974,1388,5620,1354,154,1,187.0
6258,12745,8213,1703,6208,2005,329,4,23.0
5145,14422,12028,3098,5468,6560,3486,371,-347.0
5579,14384,11084,2658,6220,4864,1944,117,-379.0
5894,10843,6466,1259,5378,1088,87,0,258.0
6266,13319,8873,1891,6400,2473,519,8,-71.0
5475,14387,11237,2719,6160,5077,2067,103,-394.0
5859,10644,6291,1217,5280,1011,84,1,289.0
4898,13983,12827,3736,3238,9589,7507,1648,6.0
3708,6004,3225,575,3000,225,4,0,354.0
4895,14019,12780,3672,3528,9252,6963,1399,-16.0
5944,14080,10099,2276,6542,3557,996,28,-313.0
4054,6659,3622,653,3326,296,7,0,364.0
4348,7210,3956,719,3598,358,14,0,375.0
6074,11465,6982,1384,5660,1322,145,0,207.0
5968,14337,10372,2351,6638,3734,1061,26,-348.0
3768,6166,3343,601,3080,263,6,0,344.0
4356,7118,3854,692,3556,298,6,0,400.0
5813,14377,10708,2495,6446,4262,1485,69,-351.0
5188,14405,11945,3062,5518,6427,3369,338,-334.0
280,420,210,35,210,0,0,0,35.0
4901,13925,12938,3864,2692,10246,8541,2109,50.0
4873,13965,12806,3721,3286,9520,7393,1601,-7.0
4915,14141,12504,3439,4374,8130,5393,863,-161.0
5458,14466,11352,2758,6156,5196,2154,130,-414.0
6042,14080,10035,2256,6534,3501,1012,26,-259.0
4901,13886,12964,3922,2396,10568,9094,2391,57.0
6232,11986,7401,1483,5904,1497,178,0,164.0
6324,13491,8989,1913,6500,2489,491,6,-91.0
3874,6281,3378,603,3138,240,5,0,368.0
5914,10941,6554,1281,5422,1132,97,0,246.0
5729,14361,10848,2562,6324,4524,1713,97,-346.0
6108,11757,7267,1458,5786,1481,185,2,160.0
6150,13961,9742,2152,6572,3170,817,20,-221.0
6356,12881,8275,1712,6278,1997,325,2,38.0
6221,13926,9631,2113,6584,3047,758,11,-187.0
6158,12155,7654,1558,5960,1694,235,0,99.0
5636,14416,11071,2652,6230,4841,1956,128,-361.0
6205,13602,9257,2005,6484,2773,634,11,-145.0
5824,10412,6076,1163,5174,902,64,0,325.0
5654,14501,11084,2634,6364,4720,1773,84,-397.0
3186,5093,2704,477,2546,158,1,0,320.0
6378,13407,8859,1876,6462,2397,483,8,-46.0
5599,14405,11139,2685,6168,4971,2069,135,-352.0
6227,12502,7976,1641,6106,1870,290,1,60.0
5020,14205,12165,3224,4986,7179,4233,522,-244.0
5662,10027,5804,1103,4990,814,47,0,336.0
6070,11747,7296,1470,5772,1524,203,0,149.0
5393,14360,11330,2767,6058,5272,2244,143,-404.0
6302,12653,8078,1664,6172,1906,309,4,63.0
5306,14411,11666,2925,5782,5884,2847,252,-364.0
6285,13231,8741,1849,6388,2353,455,5,-54.0
1548,2380,1219,208,1190,29,0,0,179.0
6030,14253,10245,2317,6588,3657,1077,32,-295.0
2758,4375,2308,405,2186,122,3,0,286.0
6130,13650,9379,2046,6482,2897,686,22,-187.0
6191,13734,9409,2046,6542,2867,650,9,-180.0
3308,5344,2865,510,2670,195,4,0,319.0
6184,13580,9250,2004,6476,2774,628,8,-150.0
6411,12893,8247,1702,6282,1965,329,3,63.0
5599,14327,10900,2577,6338,4562,1651,71,-405.0
4872,13976,12820,3721,3314,9506,7348,1568,-5.0
4876,13945,12867,3780,3054,9813,7837,1786,18.0
5388,14344,11389,2802,5966,5423,2412,160,-369.0
5957,14405,10574,2437,6526,4048,1353,53,-311.0
4921,14118,12640,3535,4070,8570,5978,1035,-92.0
4881,14121,12506,3428,4444,8062,5233,761,-162.0
5496,14391,11324,2772,6016,5308,2359,166,-343.0
6142,11865,7351,1477,5840,1511,185,0,151.0
6079,11192,6694,1309,5534,1160,124,1,272.0
5012,14289,12120,3169,5226,6894,3837,438,-326.0
5093,14279,12052,3148,5216,6836,3847,441,-282.0
4872,13950,12800,3733,3202,9598,7546,1692,-11.0
6206,12402,7875,1613,6072,1803,258,2,66.0
4904,13905,12947,3894,2530,10417,8845,2270,52.0
5687,14361,10870,2566,6344,4526,1673,83,-370.0
5081,14331,12109,3159,5264,6845,3803,417,-300.0
6032,10994,6515,1263,5452,1063,90,0,290.0
4902,14063,12587,3515,4084,8503,5895,996,-89.0
6181,11944,7416,1495,5862,1554,220,3,158.0
6279,13525,9083,1946,6490,2593,545,7,-109.0
5425,14457,11458,2813,6038,5420,2381,161,-387.0
6202,12227,7677,1557,6012,1665,203,0,95.0
6056,14296,10244,2311,6622,3622,1052,48,-307.0
5890,10858,6492,1268,5376,1116,106,2,256.0
5942,14084,10133,2292,6514,3619,1056,30,-301.0
5753,14346,10818,2552,6324,4494,1698,83,-327.0
3256,5190,2749,484,2594,155,2,0,331.0
1812,2792,1433,245,1396,37,0,0,208.0
6337,12719,8103,1664,6222,1881,275,1,57.0
6247,13855,9512,2075,6574,2938,707,15,-171.0
6138,13674,9408,2054,6492,2916,690,10,-182.0
4294,7085,3871,701,3536,335,13,0,379.0
6154,11657,7120,1415,5750,1370,157,0,202.0
4642,7875,4403,813,3928,475,19,0,357.0
6090,14287,10182,2283,6666,3516,955,20,-298.0
4857,14004,12802,3684,3500,9302,7004,1415,-29.0
6289,13883,9537,2086,6558,2979,767,17,-143.0
5590,10007,5846,1120,4972,874,63,0,309.0
6151,13654,9385,2049,6476,2909,702,9,-167.0
6296,12753,8189,1694,6214,1975,325,6,38.0
5482,14297,11164,2710,6068,5096,2161,136,-361.0
6270,11841,7213,1430,5846,1367,149,0,212.0
5572,14364,11040,2637,6258,4782,1848,92,-389.0
6141,12490,8029,1660,6098,1931,294,3,20.0
6278,12423,7843,1601,6080,1763,263,4,97.0
5535,9836,5708,1087,4894,814,48,1,320.0
6211,12560,8049,1661,6132,1917,296,1,39.0
2768,4364,2288,399,2182,106,0,0,293.0
1348,2064,1053,179,1032,21,0,0,158.0
6325,12285,7633,1536,6050,1583,185,1,137.0
4903,13936,12890,3821,2854,10036,8228,1977,36.0
5209,14351,11930,3075,5410,6520,3531,373,-287.0
5925,13877,9929,2240,6418,3511,1041,33,-263.0
6306,12399,7775,1576,6094,1681,211,0,106.0
488,740,374,63,370,4,0,0,59.0
4873,13973,12860,3757,3178,9682,7617,1689,3.0
5241,14426,11884,3028,5600,6284,3226,299,-329.0
4832,8306,4693,874,4142,551,22,0,345.0
5783,14166,10484,2430,6388,4096,1390,53,-329.0
6263,13502,9083,1950,6466,2617,570,9,-106.0
5314,14389,11647,2920,5774,5873,2841,236,-348.0
1620,2500,1285,220,1250,35,0,0,185.0
6384,12800,8140,1668,6272,1868,256,0,56.0
6510,12981,8248,1693,6338,1910,305,4,84.0
5766,14434,10851,2545,6432,4419,1570,58,-362.0
5959,14248,10322,2349,6550,3772,1148,41,-316.0
5284,9394,5452,1038,4676,776,42,0,304.0
6275,12323,7745,1577,6028,1717,267,7,120.0
5020,14225,12215,3250,4930,7285,4365,570,-240.0
6103,13718,9494,2082,6496,2998,726,13,-203.0
6274,12133,7508,1505,5986,1522,161,0,144.0
4880,13955,12835,3749,3176,9659,7603,1682,11.0
6127,11590,7055,1396,5734,1321,122,1,196.0
6415,12546,7833,1582,6174,1659,198,1,120.0
6224,12154,7579,1529,5984,1595,186,0,120.0
3726,6041,3249,580,3018,231,5,0,354.0
4966,14203,12312,3306,4788,7524,4627,640,-231.0
5329,14391,11615,2904,5806,5809,2779,225,-351.0
5054,14317,12200,3216,5104,7096,4109,508,-279.0
5187,14394,11911,3045,5552,6359,3290,317,-341.0
6204,13581,9231,1997,6480,2751,621,10,-143.0
5755,10686,6432,1264,5280,1152,126,1,237.0
4906,13868,12998,3988,2068,10930,9732,2742,48.0
4864,8232,4596,848,4104,492,24,0,380.0
6300,13597,9159,1969,6504,2655,589,10,-107.0
5962,13919,9906,2221,6486,3420,947,20,-272.0
5226,14429,11864,3018,5620,6244,3189,320,-357.0
5080,14327,12010,3101,5414,6596,3499,342,-338.0
6054,14133,10045,2249,6596,3449,941,24,-283.0
5729,10589,6346,1242,5240,1106,109,1,244.0
6305,13758,9301,2000,6602,2699,554,7,-152.0
6101,13657,9438,2069,6462,2976,733,13,-187.0
2292,3598,1880,327,1798,82,2,0,247.0
6280,13180,8675,1828,6382,2293,416,4,-53.0
5109,14334,12074,3145,5278,6796,3778,423,-296.0
6198,14162,9932,2203,6646,3286,870,22,-235.0
4899,13909,12971,3902,2530,10441,8849,2251,59.0
4897,13906,12935,3865,2680,10255,8546,2095,61.0
6280,13589,9162,1970,6504,2658,581,10,-117.0
5863,14312,10564,2443,6470,4094,1372,49,-328.0
5456,14266,11155,2709,6056,5099,2154,128,-364.0
5939,14194,10323,2362,6474,3849,1246,53,-294.0
6163,13585,9265,2008,6482,2783,621,11,-165.0
6232,13610,9257,2006,6478,2779,654,8,-127.0
4911,13875,13044,4049,1794,11250,10287,3055,31.0
5744,14402,10813,2533,6428,4385,1546,72,-378.0
6176,13718,9454,2072,6476,2978,766,20,-160.0
6303,12631,8041,1651,6176,1865,279,3,62.0
4950,8539,4842,905,4254,588,31,0,348.0
6367,12749,8094,1656,6252,1842,245,3,56.0
5959,11290,6897,1371,5568,1329,154,1,195.0
6282,12695,8130,1677,6198,1932,299,4,40.0
5604,14484,11142,2661,6318,4824,1848,84,-399.0
6153,11758,7236,1448,5784,1452,190,3,183.0
4872,13975,12817,3713,3356,9461,7263,1514,1.0
6118,13504,9236,2009,6418,2818,668,18,-159.0
5771,14229,10552,2447,6422,4130,1385,55,-353.0
4911,13878,13014,3994,2064,10950,9750,2741,53.0
5497,14397,11263,2738,6098,5165,2201,149,-375.0
5168,14308,11867,3042,5482,6385,3344,316,-315.0
6228,13664,9314,2021,6502,2812,660,12,-143.0
6160,13659,9345,2029,6516,2829,627,10,-183.0
5574,9799,5650,1072,4868,782,63,0,353.0
5256,14317,11619,2918,5730,5889,2857,246,-360.0
3826,6269,3402,612,3132,270,5,0,347.0
6235,13442,9004,1922,6476,2528,490,9,-125.0
2100,3224,1649,281,1612,37,0,0,244.0
5965,11177,6769,1336,5522,1247,133,1,221.0
5122,14346,11988,3093,5418,6570,3510,362,-329.0
6183,13653,9348,2035,6486,2862,681,11,-157.0
2664,4156,2158,373,2078,80,0,0,293.0
1668,2556,1305,222,1278,27,0,0,195.0
3556,5806,3144,565,2898,246,10,0,329.0
5749,14245,10596,2463,6414,4182,1417,61,-363.0
5063,14290,12053,3139,5272,6781,3746,417,-313.0
5972,13888,9855,2204,6486,3369,916,16,-265.0
5961,13999,10063,2282,6434,3629,1131,41,-257.0
6049,14141,10076,2263,6574,3502,993,33,-279.0
5278,9243,5304,1001,4602,702,39,0,338.0
6229,12789,8290,1727,6218,2072,353,5,3.0
4334,7135,3892,704,3560,332,15,0,387.0
5085,14320,12037,3119,5360,6677,3600,359,-317.0
5077,14349,12211,3209,5168,7043,4013,449,-270.0
6316,12473,7855,1599,6116,1739,241,2,99.0
4893,13984,12795,3707,3348,9447,7288,1551,-3.0
5620,14623,11290,2704,6356,4934,1911,98,-417.0
5950,14224,10339,2363,6500,3839,1224,46,-298.0
5444,9572,5513,1044,4762,751,48,0,341.0
4904,13897,12976,3935,2342,10634,9213,2466,48.0
5384,14401,11501,2846,5926,5575,2549,182,-362.0
5355,14475,11535,2839,6036,5499,2403,167,-424.0
6099,11822,7328,1471,5830,1498,162,1,134.0
6162,13570,9267,2012,6462,2805,646,6,-153.0
5004,14245,12333,3304,4842,7491,4561,586,-212.0
5091,14312,12090,3160,5220,6870,3872,453,-291.0
6038,11386,6921,1369,5628,1293,130,2,204.0
5380,9502,5488,1041,4730,758,42,0,325.0
4889,14044,12698,3602,3784,8914,6476,1223,-59.0
6047,11254,6787,1336,5558,1229,138,1,244.0
4946,14222,12410,3351,4714,7696,4794,666,-217.0
4872,13933,12855,3767,3108,9747,7717,1710,27.0
1648,2532,1296,221,1266,30,0,0,191.0
5791,14312,10669,2489,6404,4265,1504,69,-341.0
6024,11092,6622,1291,5498,1124,96,0,263.0
4917,14168,12416,3367,4630,7786,4908,691,-202.0
6204,13641,9312,2023,6486,2826,669,14,-148.0
6185,13497,9136,1968,6464,2672,569,9,-144.0
6032,11420,6978,1388,5628,1350,164,0,202.0
6159,12498,8040,1666,6084,1956,330,5,35.0
5735,14262,10657,2488,6386,4271,1490,65,-358.0
5065,14352,12166,3183,5234,6932,3884,439,-304.0
4922,14214,12491,3396,4606,7885,5002,710,-197.0
6396,13243,8649,1814,6414,2235,415,6,-12.0
5743,14141,10482,2430,6384,4098,1373,51,-346.0
5465,14412,11395,2800,5990,5405,2432,179,-352.0
6237,13721,9342,2022,6552,2790,617,13,-164.0
3448,5558,2973,528,2778,195,2,0,335.0
5561,14414,11167,2694,6170,4997,2074,151,-380.0
6238,12327,7764,1580,6048,1716,231,0,95.0
5694,14398,10912,2580,6344,4568,1710,94,-372.0
5053,14240,12213,3243,4968,7245,4304,519,-217.0
3278,5271,2814,499,2634,180,3,0,322.0
256,384,192,32,192,0,0,0,32.0
6205,13760,9410,2042,6568,2842,624,11,-187.0
4891,13939,12921,3826,2886,10035,8167,1911,47.0
4890,13988,12804,3713,3330,9474,7328,1574,-7.0
6399,13067,8443,1755,6356,2087,355,3,20.0
6333,12091,7426,1482,5960,1466,171,1,186.0
6295,13558,9120,1958,6492,2628,574,5,-101.0
5901,14399,10584,2436,6552,4032,1295,49,-350.0
6297,12889,8353,1742,6254,2099,381,5,19.0
4342,7149,3897,704,3570,327,9,0,386.0
5092,14323,12172,3201,5138,7034,4047,474,-260.0
5960,11220,6814,1347,5546,1268,128,0,207.0
4879,13987,12868,3753,3218,9650,7551,1647,7.0
5926,14398,10587,2441,6528,4059,1342,50,-326.0
6314,13309,8802,1864,6420,2382,469,8,-57.0
6195,13542,9199,1990,6458,2741,626,13,-138.0
6146,11915,7403,1491,5860,1543,195,0,143.0
4891,13893,12951,3892,2550,10401,8793,2227,57.0
6354,13573,9065,1935,6520,2545,533,12,-89.0
6083,13490,9272,2026,6388,2884,714,17,-161.0
5836,14219,10470,2416,6444,4026,1331,50,-329.0
5896,10824,6444,1253,5370,1074,84,0,263.0
6097,13964,9797,2173,6556,3241,852,27,-243.0
5059,14278,12111,3175,5172,6939,3934,453,-283.0
5690,14390,10905,2576,6354,4551,1682,78,-371.0
5902,10777,6395,1241,5344,1051,89,0,279.0
6110,11995,7518,1524,5892,1626,211,0,109.0
5410,9505,5468,1034,4732,736,41,0,339.0
6067,13749,9591,2119,6468,3123,813,19,-210.0
6257,12880,8363,1744,6262,2101,356,3,-4.0
5659,14419,11000,2613,6322,4678,1775,83,-373.0
5936,10938,6527,1271,5428,1099,82,0,254.0
5383,14486,11616,2884,5928,5688,2630,197,-371.0
4382,7361,4079,747,3676,403,9,0,353.0
5720,14342,10805,2544,6346,4459,1650,96,-361.0
4878,14037,12685,3591,3824,8861,6389,1184,-65.0
3392,5442,2899,513,2720,179,2,0,336.0
6205,12670,8195,1706,6154,2041,362,3,24.0
3206,5107,2704,476,2552,152,3,0,327.0
6210,13592,9242,2001,6478,2764,636,14,-141.0
4955,14234,12454,3376,4652,7802,4930,705,-201.0
5519,14502,11349,2756,6162,5187,2178,137,-390.0
5813,10487,6170,1190,5200,970,87,1,306.0
3378,5433,2902,515,2714,188,5,0,332.0
6060,13941,9824,2187,6526,3298,889,22,-244.0
5966,11313,6921,1378,5574,1347,165,0,196.0
6252,12322,7742,1572,6052,1690,218,0,100.0
6252,12547,7996,1643,6134,1862,279,2,58.0
5742,10365,6095,1174,5146,949,73,0,298.0
6110,13652,9421,2063,6464,2957,724,14,-184.0
6386,12908,8261,1702,6310,1951,288,2,37.0
6233,13787,9435,2051,6564,2871,659,9,-170.0
6292,13770,9383,2037,6544,2839,682,12,-132.0
5004,14298,12323,3276,4990,7333,4318,508,-247.0
6318,13379,8853,1872,6474,2379,431,4,-80.0
4909,14048,12691,3603,3764,8927,6520,1247,-51.0
5828,10734,6414,1252,5316,1098,102,0,256.0
5758,14220,10600,2474,6356,4244,1508,74,-336.0
6353,13501,8980,1910,6500,2480,501,9,-78.0
5363,14531,11732,2933,5866,5866,2799,235,-369.0
5998,11107,6662,1304,5500,1162,107,0,249.0
5648,14356,10905,2581,6324,4581,1708,92,-384.0
6435,12882,8188,1678,6308,1880,266,1,63.0
5163,14330,11913,3065,5436,6477,3458,365,-319.0
6176,13710,9436,2065,6482,2954,746,20,-163.0
5578,14360,11060,2650,6220,4840,1920,102,-372.0
5744,14399,10803,2529,6432,4371,1535,74,-381.0
5966,14344,10429,2380,6578,3851,1188,46,-329.0
3274,5237,2782,491,2618,164,1,0,328.0
4897,14103,12530,3463,4282,8248,5539,893,-139.0
6025,11725,7306,1475,5762,1544,201,1,131.0
5230,9051,5140,961,4514,626,23,0,358.0
4913,13872,13049,4075,1648,11401,10576,3235,15.0
6128,13900,9658,2122,6584,3074,732,16,-236.0
4912,13899,12969,3944,2274,10695,9351,2562,38.0
1484,2280,1167,199,1140,27,0,0,172.0
4901,14067,12574,3507,4106,8468,5855,993,-99.0
5397,14494,11486,2814,6088,5398,2318,159,-425.0
5566,9897,5747,1095,4924,823,49,0,321.0
6299,12620,8055,1660,6150,1905,320,1,74.0
6122,13945,9748,2155,6566,3182,813,16,-230.0
5358,14426,11502,2839,5970,5532,2486,198,-405.0
5175,14386,11926,3056,5516,6410,3354,341,-341.0
5169,14406,11971,3072,5510,6461,3386,335,-338.0
6235,13638,9280,2011,6494,2786,650,9,-134.0
3026,4781,2512,439,2390,122,1,0,318.0
6310,12771,8188,1690,6236,1952,299,0,37.0
6144,11510,6965,1373,5692,1273,126,0,226.0
6137,13823,9604,2116,6512,3092,799,21,-198.0
5609,14354,10979,2613,6280,4699,1794,87,-379.0
6295,13016,8458,1762,6344,2114,328,1,-25.0
6166,11603,7040,1390,5740,1300,123,0,213.0
6252,12274,7694,1560,6028,1666,218,0,112.0
4907,13887,12954,3925,2358,10596,9171,2451,49.0
948,1448,737,125,724,13,0,0,112.0
6422,13491,8906,1884,6508,2398,475,8,-47.0
6242,13181,8738,1855,6346,2392,489,8,-56.0
4226,6957,3792,685,3474,318,9,0,376.0
5804,14367,10728,2505,6426,4302,1515,58,-340.0
4883,13974,12818,3721,3310,9508,7354,1561,6.0
3820,6232,3373,606,3110,263,12,0,355.0
4912,13872,13044,4059,1734,11310,10404,3128,25.0
4889,14052,12675,3579,3876,8799,6300,1147,-67.0
4894,14051,12762,3644,3660,9102,6731,1312,-39.0
4340,7238,3992,729,3610,382,18,0,365.0
5339,14465,11658,2904,5892,5766,2681,191,-372.0
6349,12539,7901,1610,6142,1759,255,5,101.0
4254,7089,3907,713,3536,371,17,0,359.0
5044,14265,12156,3204,5088,7068,4089,494,-269.0
5418,9511,5473,1036,4730,743,51,0,344.0
5141,14331,12048,3134,5292,6756,3747,401,-276.0
5898,14095,10250,2345,6430,3820,1235,52,-292.0
4901,14077,12625,3531,4064,8561,5949,1001,-82.0
6148,11582,7036,1391,5726,1310,130,0,211.0
6128,11470,6933,1365,5676,1257,118,0,226.0
6084,11140,6621,1286,5526,1095,88,0,279.0
6149,12770,8372,1763,6166,2206,438,7,-12.0
4923,14100,12639,3543,4020,8619,6060,1065,-81.0
5968,14114,10204,2325,6458,3746,1198,44,-267.0
6317,13446,8942,1900,6484,2458,478,7,-87.0
6053,13688,9535,2106,6434,3101,820,31,-206.0
4908,13892,12992,3952,2272,10720,9348,2524,56.0
6185,12253,7730,1575,6010,1720,233,1,87.0
5146,8817,4970,924,4396,574,25,0,375.0
4600,7702,4259,779,3844,415,14,0,378.0
5009,14272,12249,3246,5022,7227,4228,507,-260.0
6141,14199,10072,2258,6596,3476,1007,33,-244.0
5203,14403,11814,2988,5700,6114,3003,251,-374.0
5419,14439,11460,2821,5994,5466,2451,187,-381.0
6358,12840,8222,1696,6268,1954,304,2,44.0
6265,13669,9244,1989,6554,2690,561,9,-149.0
5101,14291,12021,3128,5274,6747,3743,421,-297.0
6070,11043,6530,1263,5482,1048,79,0,294.0
4814,8141,4541,837,4060,481,21,0,377.0
4926,14117,12615,3519,4116,8499,5885,1000,-95.0
4890,14094,12689,3567,3976,8713,6142,1078,-82.0
6247,13861,9534,2084,6564,2970,733,11,-164.0
5403,14357,11410,2812,5948,5462,2461,167,-356.0
6212,13371,8980,1925,6410,2570,551,10,-104.0
4974,14250,12364,3324,4784,7580,4682,662,-236.0
3856,6278,3387,606,3138,249,2,0,359.0
5893,14191,10318,2353,6518,3800,1155,41,-333.0
4926,14104,12456,3417,4410,8046,5284,794,-139.0
6184,12106,7569,1531,5952,1617,202,0,116.0
5342,9191,5200,970,4580,620,31,0,381.0
6283,12820,8294,1728,6220,2074,380,5,29.0
3900,6408,3485,628,3202,283,4,0,349.0
5691,14363,10903,2584,6302,4601,1759,95,-353.0
5036,8716,4951,926,4346,605,24,0,345.0
6025,14135,10087,2267,6572,3515,991,33,-290.0
4893,13988,12809,3713,3340,9469,7308,1551,1.0
5002,14279,12207,3220,5094,7113,4091,488,-290.0
5033,14291,12365,3314,4846,7519,4599,601,-207.0
5535,14406,11170,2691,6194,4976,2018,125,-392.0
6198,13516,9144,1969,6474,2670,568,10,-143.0
4895,14107,12570,3490,4200,8370,5707,959,-132.0
6244,12325,7779,1589,6024,1755,277,2,109.0
5029,14257,12154,3201,5102,7052,4053,477,-275.0
6073,14025,9907,2209,6560,3347,905,21,-254.0
5971,11162,6748,1330,5516,1232,130,1,227.0
4888,14006,12753,3661,3540,9213,6926,1400,-26.0
4898,14001,12788,3691,3430,9358,7141,1480,-6.0
4426,7337,4024,731,3662,362,13,0,382.0
4836,8246,4630,858,4112,518,22,0,362.0
5603,14435,11099,2655,6268,4831,1899,111,-388.0
6237,13235,8791,1867,6380,2411,475,5,-74.0
6418,13279,8679,1823,6420,2259,439,8,-5.0
6310,12890,8346,1740,6252,2094,386,6,26.0
6114,13041,8673,1841,6300,2373,441,4,-95.0
3964,6558,3590,651,3274,316,10,0,345.0
6085,14001,9840,2183,6582,3258,837,21,-259.0
5636,14415,11019,2622,6306,4713,1803,94,-382.0
536,804,402,67,402,0,0,0,67.0
5612,14539,11271,2718,6234,5037,2071,126,-374.0
5020,14308,12242,3228,5116,7126,4076,452,-274.0
6220,13877,9547,2083,6596,2951,685,10,-193.0
6195,13299,8908,1905,6386,2522,527,11,-101.0
5499,14466,11317,2747,6152,5165,2162,141,-397.0
5876,14126,10331,2376,6406,3925,1314,60,-295.0
4994,8543,4815,896,4254,561,35,0,370.0
4893,13883,12985,3947,2288,10697,9307,2509,48.0
6402,13042,8414,1747,6346,2068,350,2,27.0
5275,14476,11795,2964,5806,5989,2864,209,-370.0
6022,11273,6819,1344,5574,1245,125,0,224.0
5552,14368,11137,2686,6158,4979,2052,124,-365.0
4885,13931,12894,3812,2916,9978,8099,1897,36.0
5733,14114,10403,2394,6442,3961,1230,35,-372.0
6233,13449,9045,1940,6450,2595,549,5,-111.0
4180,6810,3676,658,3404,272,2,0,388.0
6186,13913,9690,2142,6528,3162,857,16,-179.0
6138,13344,9026,1945,6382,2644,580,6,-125.0
4887,14061,12639,3549,3984,8655,6093,1071,-84.0
6275,13758,9353,2022,6574,2779,610,5,-152.0
6209,13259,8836,1880,6392,2444,475,5,-94.0
4975,14216,12290,3288,4852,7438,4512,601,-239.0
5127,14388,11994,3082,5496,6498,3396,329,-349.0
5901,14362,10538,2421,6550,3988,1262,39,-344.0
5317,14391,11594,2892,5836,5758,2719,225,-372.0
5006,14230,12289,3285,4868,7421,4494,578,-220.0
6330,12620,8011,1642,6170,1841,280,2,79.0
4802,8171,4579,847,4076,503,19,0,363.0
6071,11248,6756,1325,5562,1194,124,1,254.0
4911,14160,12584,3473,4330,8254,5500,857,-138.0
6291,13829,9401,2030,6622,2779,585,3,-167.0
4670,7829,4337,795,3904,433,21,0,383.0
4606,7773,4325,795,3880,445,13,0,363.0
6325,13545,9062,1936,6508,2554,529,5,-94.0
5799,14314,10630,2469,6446,4184,1422,61,-354.0
6314,12125,7468,1492,5984,1484,157,0,165.0
6057,13936,9845,2199,6496,3349,944,27,-233.0
4376,7254,3977,722,3622,355,10,0,377.0
5726,14407,10893,2573,6348,4545,1711,100,-361.0
480,720,360,60,360,0,0,0,60.0
6070,14043,9948,2226,6540,3408,963,32,-251.0
4923,14154,12602,3491,4258,8344,5638,905,-120.0
5818,10539,6217,1201,5228,989,83,0,295.0
6175,13318,8939,1913,6400,2539,518,9,-117.0
3146,5023,2665,470,2510,155,3,0,318.0
6336,12427,7789,1580,6098,1691,231,2,118.0
5609,14379,11048,2642,6244,4804,1891,93,-364.0
6152,11674,7131,1416,5766,1365,142,0,193.0
4902,14091,12605,3510,4150,8455,5791,940,-94.0
5667,14480,11046,2624,6348,4698,1784,101,-391.0
5521,14459,11259,2721,6192,5067,2075,129,-400.0
4889,14071,12726,3610,3792,8934,6487,1229,-66.0
6191,13593,9249,2001,6492,2757,609,7,-154.0
5790,14324,10653,2478,6438,4215,1448,70,-359.0
6147,13993,9765,2155,6600,3165,793,19,-236.0
6032,14081,10003,2238,6578,3425,925,22,-284.0
5849,14143,10361,2381,6436,3925,1271,41,-314.0
6008,13886,9836,2201,6466,3370,954,28,-243.0
3580,5822,3138,561,2910,228,2,0,335.0
6079,13515,9276,2021,6426,2850,663,15,-181.0
2460,3880,2035,355,1940,95,0,0,260.0
5136,14382,11963,3067,5524,6439,3334,312,-350.0
3620,5880,3165,565,2940,225,0,0,340.0
6235,14141,9885,2189,6636,3249,869,19,-210.0
5480,9592,5504,1039,4774,730,44,0,353.0
6223,13665,9294,2010,6528,2766,609,11,-158.0
1240,1888,958,162,944,14,0,0,148.0
5423,14482,11543,2853,5968,5575,2546,193,-369.0
5079,14329,12186,3206,5136,7050,4057,483,-270.0
6289,12949,8404,1751,6302,2102,345,1,-7.0
6158,12052,7532,1523,5926,1606,200,2,115.0
5538,14413,11175,2691,6204,4971,2005,116,-391.0
5664,10294,6083,1176,5110,973,74,0,277.0
6023,11856,7442,1510,5824,1618,208,1,99.0
5104,14311,12108,3174,5172,6936,3967,478,-273.0
4900,13994,12831,3735,3252,9579,7490,1644,2.0
6152,13454,9156,1985,6402,2754,650,12,-131.0
6370,12740,8095,1659,6236,1859,268,2,66.0
4925,14133,12528,3449,4362,8166,5409,821,-129.0
6202,11785,7202,1430,5824,1378,137,0,189.0
4989,14259,12341,3303,4864,7477,4531,589,-232.0
6152,13812,9551,2093,6544,3007,724,12,-202.0
6253,12735,8211,1704,6198,2013,339,5,25.0
4326,7125,3883,701,3560,323,5,0,383.0
5472,14467,11364,2766,6132,5232,2203,134,-397.0
6376,12972,8352,1731,6318,2034,336,8,25.0
6310,13657,9209,1980,6538,2671,581,8,-118.0
4979,14164,12314,3318,4720,7594,4724,637,-189.0
5304,14471,11749,2949,5804,5945,2863,234,-367.0
6197,13524,9135,1962,6498,2637,528,7,-154.0
5305,14508,11791,2962,5810,5981,2888,243,-374.0
2596,4056,2109,365,2028,81,0,0,284.0
4899,14004,12841,3732,3290,9551,7424,1601,4.0
4911,13874,13030,4037,1838,11192,10198,3013,30.0
4908,13878,13020,4011,1974,11046,9930,2856,39.0
6255,12571,8023,1651,6140,1883,291,3,56.0
6333,13120,8562,1793,6366,2196,388,3,-18.0
5373,14463,11563,2860,5966,5597,2531,181,-387.0
5695,14336,10822,2547,6362,4460,1612,65,-366.0
4848,14004,12774,3659,3594,9180,6816,1336,-41.0
4901,13908,12955,3897,2528,10427,8852,2271,51.0
