N0,N1,N2,Volume,Enclosing_surface,Contact_surface,TETRAVOXEL,OCTOVOXEL,MISC_Async
39670,67991,38342,7132,33892,4450,207,0,2889.0
42350,74740,43174,8196,37172,6002,396,2,2588.0
48210,104906,70918,15267,50234,20684,4438,66,-1045.0
44542,110021,81316,18769,50018,31298,9985,388,-2932.0
39389,110674,91154,23054,43984,47170,22706,1775,-3185.0
22102,34947,18376,3214,17468,908,11,0,2317.0
40727,70870,40461,7604,35298,5163,274,1,2714.0
46947,107008,74675,16468,50542,24133,5924,113,-1854.0
40512,111030,89322,22135,45834,43488,19362,1340,-3331.0
38736,110487,92438,23728,42508,49930,25471,2310,-3041.0
38380,110198,92693,23891,42040,50653,26118,2372,-3016.0
41192,71738,41003,7716,35710,5293,318,0,2741.0
44269,79229,46267,8860,39374,6893,481,1,2447.0
48111,103872,69768,14936,49920,19848,4032,49,-929.0
44518,110410,81826,18921,50126,31700,10158,366,-2987.0
48622,98419,63071,13011,48076,14995,2267,20,263.0
46212,85444,51178,10005,42326,8852,792,4,1941.0
36746,108819,95651,25757,36760,58891,35299,4344,-2179.0
35818,104785,101026,31481,13166,87860,78453,21496,578.0
28296,45734,24527,4367,22852,1675,30,0,2722.0
47689,106797,73548,16046,50820,22728,5157,81,-1606.0
48330,103021,68555,14569,49696,18859,3629,44,-705.0
37089,109425,95030,25253,38542,56488,32341,3665,-2559.0
35822,107183,98002,27643,30146,67856,46891,7680,-1002.0
42351,110995,85913,20598,48238,37675,14519,771,-3329.0
39580,68526,38958,7295,34146,4812,234,0,2717.0
35827,104800,100992,31429,13410,87582,77980,21237,590.0
37632,63952,35812,6622,31892,3920,168,0,2870.0
38475,110292,92417,23727,42472,49945,25348,2257,-3127.0
46958,107750,75523,16711,50780,24743,6190,138,-1980.0
49102,100750,65228,13566,49060,16168,2630,14,14.0
3368,5080,2554,428,2540,14,0,0,414.0
48595,95364,59762,12116,46828,12934,1708,13,877.0
46643,108607,77043,17222,50754,26289,7099,175,-2143.0
46321,84801,50398,9789,42062,8336,677,1,2129.0
45052,110348,81037,18605,50444,30593,9460,336,-2864.0
48346,95553,60160,12236,46904,13256,1745,8,717.0
47679,105895,72543,15769,50472,22071,4951,91,-1442.0
43784,78524,45920,8802,39028,6892,468,0,2378.0
48828,100942,65728,13735,49046,16682,2850,24,-121.0
46454,108293,76748,17127,50734,26014,6825,156,-2218.0
47441,106193,73168,15978,50468,22700,5257,97,-1562.0
35786,107364,97896,27480,30912,66984,45540,7198,-1162.0
44330,109478,81065,18753,49612,31453,10254,390,-2836.0
47930,104781,71013,15311,50160,20853,4461,68,-1149.0
47380,90867,55941,11177,44820,11121,1227,6,1277.0
35588,105946,99756,29408,23064,76692,59818,12544,-10.0
36286,108226,96965,26683,33832,63133,40562,5770,-1658.0
43974,78757,46013,8814,39142,6871,473,0,2416.0
46191,108274,77121,17289,50508,26613,7258,185,-2251.0
42814,75425,43481,8236,37546,5935,333,0,2634.0
40543,110983,89060,22011,46054,43006,18875,1271,-3391.0
7736,11796,5994,1015,5898,96,0,0,919.0
16154,25135,13021,2246,12566,455,3,0,1794.0
48635,102874,68136,14436,49656,18480,3562,57,-539.0
43760,110510,83100,19453,49482,33618,11546,484,-3103.0
43734,110440,82939,19379,49604,33335,11232,422,-3146.0
12892,19868,10199,1744,9934,265,0,0,1479.0
37240,109359,94863,25205,38496,56367,32367,3666,-2461.0
47535,106844,73900,16195,50630,23270,5584,113,-1604.0
43501,110233,83119,19501,49232,33887,11769,497,-3114.0
47476,105646,72498,15784,50292,22206,5062,96,-1456.0
35781,104947,100775,31045,15280,85495,74387,19373,564.0
48176,93525,58134,11709,46014,12120,1497,10,1076.0
3204,4852,2449,412,2426,23,0,0,389.0
48488,100403,65480,13705,48730,16750,2943,38,-140.0
44534,111163,82908,19282,50124,32784,10915,416,-3003.0
41683,111203,87103,21062,47834,39269,15535,807,-3479.0
42066,73575,42189,7959,36624,5565,327,0,2721.0
47459,104989,71717,15553,50116,21601,4757,75,-1366.0
48505,103407,68808,14622,49884,18924,3639,53,-716.0
41441,71733,40776,7635,35742,5034,249,1,2849.0
30628,50042,27094,4865,24998,2096,46,0,2815.0
44105,110416,82454,19193,49750,32704,10916,455,-3050.0
46446,108104,76582,17092,50612,25970,6880,170,-2168.0
42851,76140,44209,8426,37862,6347,416,1,2494.0
46812,88762,54194,10758,43840,10354,1082,0,1486.0
48250,93750,58286,11737,46150,12136,1450,2,1049.0
45360,109331,79427,18085,50344,29083,8643,274,-2629.0
24278,38699,20496,3608,19344,1152,11,0,2467.0
44303,110642,82391,19117,50080,32311,10482,353,-3065.0
47572,107198,74259,16292,50766,23493,5666,124,-1659.0
46711,87933,53414,10563,43450,9964,1033,3,1629.0
41780,111045,86844,20988,47760,39084,15525,838,-3409.0
47295,90085,55193,10988,44458,10735,1169,7,1415.0
36384,108402,96365,26268,35122,61243,38158,5104,-1921.0
35918,104590,101227,32159,9500,91727,85590,25626,396.0
48736,96271,60590,12320,47260,13330,1751,6,735.0
39457,110810,91026,22960,44292,46734,22226,1739,-3287.0
42133,111191,86573,20855,48016,38557,15159,797,-3340.0
39468,68018,38532,7195,33894,4638,230,0,2787.0
41759,111207,87079,21063,47780,39299,15647,843,-3432.0
5148,7816,3955,667,3908,47,0,0,620.0
45783,109959,79824,18182,50556,29268,8847,295,-2534.0
35642,105434,100196,30089,19858,80338,65718,15154,315.0
37630,109717,93930,24619,40146,53784,29425,3036,-2776.0
42134,111321,86603,20838,48178,38425,14965,800,-3422.0
48159,103384,69089,14726,49822,19267,3740,61,-862.0
43959,110676,82929,19345,49788,33141,11100,437,-3133.0
48118,93975,58684,11864,46184,12500,1607,8,963.0
35803,104771,100928,31400,13456,87472,77859,21227,560.0
46043,109081,78267,17646,50658,27609,7765,219,-2417.0
48208,104946,70899,15249,50304,20595,4338,80,-1088.0
44102,110675,82771,19279,49868,32903,10939,396,-3081.0
38712,66324,37376,6946,33076,4300,172,0,2818.0
892,1348,679,114,674,5,0,0,109.0
44002,111015,83278,19440,49916,33362,11183,436,-3175.0
47549,105613,72371,15737,50320,22051,4973,89,-1430.0
18810,29529,15422,2680,14764,658,1,0,2023.0
16818,26215,13603,2350,13106,497,3,0,1856.0
46316,108315,76998,17232,50604,26394,7107,178,-2233.0
47263,106935,74245,16308,50642,23603,5651,91,-1735.0
47463,106614,73655,16120,50590,23065,5434,105,-1616.0
48516,102774,68111,14433,49624,18487,3526,52,-580.0
48224,96553,61355,12569,47296,14059,1961,14,457.0
42044,111050,86262,20714,48240,38022,14570,720,-3458.0
48328,95588,60216,12253,46914,13302,1760,8,703.0
48509,104099,69691,14893,50024,19667,4051,69,-792.0
37288,109403,94739,25145,38608,56131,32187,3722,-2521.0
37319,109543,94571,24980,39262,55309,31019,3323,-2633.0
4232,6404,3230,543,3202,28,0,0,515.0
46425,85850,51428,10055,42526,8902,798,3,1948.0
47886,104265,70396,15125,50042,20354,4181,60,-1108.0
35607,106250,99434,29016,24772,74662,56706,11285,-225.0
36259,108077,97048,26787,33374,63674,41329,5999,-1557.0
38292,110370,92788,23877,42314,50474,25742,2312,-3167.0
48290,103614,69283,14781,49880,19403,3854,54,-822.0
42290,110855,85855,20594,48146,37709,14563,752,-3304.0
44029,79265,46489,8932,39386,7103,493,1,2321.0
35917,104577,101227,32233,9056,92171,86465,26193,334.0
35842,104839,100882,31294,14000,86882,76839,20660,591.0
48348,104182,69903,14957,50064,19839,4054,60,-888.0
48773,97756,62163,12741,47880,14283,1996,15,439.0
46266,108226,76950,17225,50550,26400,7126,186,-2235.0
36477,108555,96136,26077,35810,60326,36935,4705,-2019.0
48491,100045,64993,13550,48686,16307,2673,27,-111.0
48808,98745,63256,13045,48242,15014,2261,18,274.0
45784,109455,79112,17946,50548,28564,8359,246,-2505.0
45054,110086,80628,18458,50508,30120,9070,270,-2862.0
43647,110592,83399,19571,49372,34027,11848,509,-3117.0
44136,110722,82903,19339,49772,33131,11178,408,-3022.0
46897,108407,76446,17002,50880,25566,6647,149,-2066.0
48259,94695,59355,12038,46482,12873,1731,15,881.0
42781,111124,85532,20419,48550,36982,14024,691,-3230.0
25312,40452,21476,3789,20218,1258,16,0,2547.0
47366,107286,74505,16364,50826,23679,5634,98,-1779.0
40184,111105,89691,22263,45804,43887,19497,1366,-3493.0
46801,107896,75841,16812,50810,25031,6276,123,-2066.0
36276,108153,96979,26689,33824,63155,40505,5626,-1587.0
35691,105095,100572,30643,17286,83286,70523,17355,525.0
40587,110892,88970,21981,46054,42916,18784,1165,-3316.0
46899,107620,75537,16743,50616,24921,6388,137,-1927.0
48092,100170,65569,13757,48596,16973,2978,28,-266.0
44303,110359,82160,19077,49858,32302,10643,391,-2973.0
48459,95913,60514,12338,47000,13514,1913,15,722.0
46669,108690,76958,17157,50974,25984,6742,135,-2220.0
47500,90897,55887,11157,44832,11055,1233,2,1333.0
47243,88588,53670,10594,43776,9894,1036,5,1731.0
46795,108111,76262,16976,50668,25594,6775,187,-2030.0
38190,110229,93255,24170,41490,51765,27249,2608,-2954.0
6888,10476,5310,897,5238,72,0,0,825.0
46449,86190,51760,10139,42686,9074,818,3,1880.0
47737,106510,73310,16005,50590,22720,5330,83,-1468.0
39772,68252,38517,7167,34032,4485,188,0,2870.0
48333,94315,58851,11890,46362,12489,1591,13,979.0
47707,91133,55993,11177,44924,11069,1285,3,1390.0
38467,110370,92692,23856,42248,50444,25874,2353,-3067.0
35823,104780,100998,31499,13002,87996,78776,21737,542.0
41950,111020,86627,20903,47836,38791,15348,806,-3346.0
48688,96706,61124,12473,47410,13714,1886,12,633.0
48033,95235,60158,12276,46660,13498,1915,13,680.0
45860,108748,77964,17550,50628,27336,7492,180,-2474.0
48013,105262,71451,15420,50382,21069,4498,67,-1218.0
48116,104079,70028,15018,49948,20080,4183,74,-953.0
35823,107382,98239,27714,30194,68045,46994,7697,-1034.0
38640,110427,92385,23691,42624,49761,25179,2202,-3093.0
48661,98998,63682,13177,48302,15380,2394,23,168.0
45277,109890,80140,18288,50552,29588,8786,247,-2761.0
45072,109494,80046,18317,50190,29856,9114,268,-2693.0
44065,79673,46900,9040,39560,7340,553,1,2252.0
43361,77185,44858,8553,38398,6460,389,1,2481.0
35822,104824,100945,31359,13736,87209,77352,20918,584.0
44887,110281,81317,18740,50194,31123,9893,327,-2817.0
35611,105642,100029,29806,21222,78807,63198,14005,192.0
46018,83982,49804,9659,41654,8150,674,2,2181.0
42378,74595,42989,8143,37120,5869,355,0,2629.0
47698,91598,56479,11303,45140,11339,1318,6,1276.0
41776,111140,86979,21028,47790,39189,15560,812,-3413.0
43140,110915,84656,20066,48916,35740,13083,594,-3185.0
44998,110239,80947,18577,50432,30515,9375,308,-2871.0
45173,81615,48018,9252,40524,7494,567,1,2324.0
44075,110188,82241,19136,49666,32575,10856,425,-3008.0
48286,103144,68760,14635,49710,19050,3724,42,-733.0
35950,107662,97516,27189,31898,65618,43866,6822,-1385.0
38643,110612,92570,23753,42622,49948,25368,2325,-3152.0
39892,69254,39456,7401,34506,4950,242,0,2693.0
44927,82116,48746,9460,40732,8014,652,1,2097.0
48707,97411,61911,12693,47664,14247,2083,15,514.0
38586,66093,37242,6921,32958,4284,177,0,2814.0
38563,110163,91908,23487,42894,49014,24375,2027,-3179.0
48184,96086,60917,12462,47062,13855,1962,16,553.0
47875,105586,71948,15573,50458,21490,4670,89,-1336.0
38455,110129,92233,23679,42392,49841,25345,2303,-3120.0
14282,22093,11382,1953,11046,336,1,0,1618.0
48600,102231,67410,14227,49458,17952,3315,38,-448.0
48342,97778,62645,12923,47752,14893,2274,18,286.0
34372,57174,31432,5719,28550,2882,74,0,2911.0
35634,59531,32855,5999,29716,3139,99,0,2959.0
35556,105787,99878,29565,22366,77512,61055,13026,82.0
48497,100572,65611,13728,48854,16757,2864,27,-192.0
48619,102202,67303,14182,49514,17789,3174,29,-462.0
47371,108254,75690,16717,51078,24612,6098,113,-1910.0
47668,106312,73062,15924,50580,22482,5152,100,-1506.0
46609,108256,76584,17074,50724,25860,6808,159,-2137.0
38067,110164,93578,24362,40984,52594,28196,2845,-2881.0
28718,46387,24858,4422,23184,1674,19,0,2767.0
48115,104173,70033,14994,50102,19931,3969,51,-1019.0
9800,14996,7646,1299,7498,148,0,0,1151.0
38976,67198,38069,7107,33496,4573,206,0,2740.0
35928,104553,101328,32548,7368,93960,89817,28250,155.0
38845,110323,91720,23398,43052,48668,24219,2105,-3156.0
26724,43144,23113,4111,21560,1553,24,0,2582.0
44736,110091,81176,18698,50164,31012,9763,326,-2877.0
37790,109802,93585,24432,40578,53007,28646,2930,-2859.0
35601,105989,99463,29185,23816,75647,58357,12005,-110.0
33246,54847,29954,5421,27382,2572,83,0,2932.0
48564,101640,66695,14012,49318,17377,3004,32,-393.0
30392,49704,26936,4841,24826,2110,52,0,2783.0
40235,110953,89560,22246,45644,43916,19665,1399,-3404.0
43619,110765,83576,19605,49522,34054,11721,447,-3175.0
42902,76557,44611,8529,38048,6563,461,0,2427.0
20128,31658,16565,2884,15826,739,6,0,2151.0
41280,111177,87795,21384,47286,40509,16605,966,-3486.0
43862,110322,82826,19378,49384,33442,11554,502,-3012.0
5340,8100,4095,690,4050,45,0,0,645.0
42182,111288,86655,20881,48024,38631,15240,822,-3332.0
35895,104642,101191,31982,10490,90701,83662,24481,462.0
35704,105158,100572,30645,17274,83298,70610,17484,473.0
39585,67891,38307,7129,33840,4467,211,1,2872.0
48923,102442,67329,14173,49620,17709,3202,29,-363.0
47365,106747,73956,16226,50556,23400,5635,113,-1652.0
35669,105216,100412,30414,18340,82072,68536,16427,451.0
48663,101305,66321,13920,49122,17199,3061,23,-241.0
39878,68621,38831,7245,34192,4639,237,0,2843.0
48740,97172,61593,12598,47598,13995,1976,16,563.0
45904,109248,78653,17782,50614,28039,8020,236,-2473.0
44486,110599,82298,19113,49918,32380,10763,424,-2928.0
35917,104571,101272,32301,8738,92534,87095,26545,317.0
36073,107942,97173,26875,33096,64077,41750,6119,-1571.0
33850,56173,30830,5603,28042,2788,89,0,2904.0
41675,111488,87630,21263,47682,39948,16124,885,-3446.0
35710,104974,100740,30932,15888,84852,73198,18734,544.0
35736,107302,98061,27628,30354,67707,46594,7648,-1133.0
37692,109872,93936,24591,40326,53610,29220,3036,-2835.0
48424,103238,68702,14599,49810,18892,3618,36,-711.0
27908,45256,24343,4346,22610,1733,36,0,2649.0
35747,107216,98181,27719,30048,68133,47120,7713,-1007.0
35880,104615,101165,31945,10660,90505,83295,24250,485.0
41622,110885,86858,21015,47626,39232,15633,836,-3420.0
29318,47659,25686,4593,23814,1872,31,0,2752.0
35905,107294,98062,27672,30092,67970,47110,7811,-999.0
40254,110917,89356,22144,45848,43508,19221,1308,-3451.0
41430,111098,87670,21362,47168,40502,16762,982,-3360.0
47224,89129,54243,10743,44028,10215,1073,6,1595.0
36267,108302,96873,26582,34254,62619,39794,5501,-1744.0
48731,99960,64716,13463,48654,16062,2652,29,24.0
48251,96870,61714,12673,47390,14324,2090,17,422.0
40115,111356,90220,22453,45722,44498,19912,1341,-3474.0
39523,110831,90926,22907,44410,46516,22011,1691,-3289.0
37434,109551,94479,24955,39228,55251,31095,3392,-2593.0
46443,85688,51239,10003,42460,8779,768,1,1991.0
10428,16060,8239,1408,8030,209,0,0,1199.0
36833,109063,95625,25681,37164,58461,34735,4241,-2286.0
45317,109602,79860,18230,50340,29520,8922,287,-2655.0
47436,106689,73784,16161,50602,23182,5485,94,-1630.0
40129,110862,89436,22185,45762,43674,19338,1331,-3482.0
42856,111197,85271,20273,48904,36367,13389,638,-3343.0
41781,111064,86843,20979,47812,39031,15440,807,-3419.0
48692,101798,66770,14026,49384,17386,3030,32,-362.0
48703,102372,67438,14217,49574,17864,3224,25,-448.0
36158,107931,97364,27009,32674,64690,42583,6320,-1418.0
48402,96609,61297,12548,47306,13991,1997,12,542.0
41688,111458,87634,21279,47594,40040,16270,924,-3415.0
47898,92779,57584,11586,45652,11932,1475,12,1117.0
40135,69594,39621,7429,34668,4953,258,1,2733.0
45341,109137,79171,17999,50348,28823,8441,241,-2624.0
46580,86382,51852,10153,42786,9066,810,0,1897.0
33812,56346,31028,5654,28132,2896,82,0,2840.0
47930,106597,73183,15945,50696,22487,5205,92,-1429.0
47056,107570,75305,16660,50650,24655,6270,144,-1869.0
47105,107262,74850,16514,50616,24234,6030,131,-1821.0
46218,85382,51106,9985,42302,8804,778,2,1957.0
44047,110750,83029,19392,49706,33323,11338,473,-3066.0
47988,105950,72296,15668,50584,21712,4782,72,-1334.0
42029,111199,86840,20986,47764,39076,15671,897,-3316.0
43919,110696,83155,19452,49598,33557,11500,469,-3074.0
46505,88050,53696,10649,43498,10198,1054,3,1502.0
48801,97206,61545,12573,47652,13893,1902,15,567.0
47468,105531,72418,15769,50222,22196,5087,74,-1414.0
35791,107149,98481,27965,29172,69309,48805,8303,-842.0
47719,104544,70860,15266,50124,20736,4296,57,-1231.0
47257,89463,54566,10825,44182,10384,1099,5,1535.0
48725,104182,69447,14774,50250,19197,3682,43,-784.0
43371,110820,83999,19775,49348,34651,12124,473,-3225.0
37263,109444,94633,25052,38954,55679,31536,3509,-2600.0
6744,10240,5182,874,5120,62,0,0,812.0
35643,105383,100313,30216,19330,80983,66723,15599,357.0
45922,109540,79009,17892,50666,28343,8208,258,-2501.0
48850,99765,64340,13337,48658,15682,2449,16,88.0
46542,86773,52314,10282,42936,9378,901,4,1801.0
44604,110337,81644,18857,50146,31498,10045,350,-2946.0
35574,105788,99974,29654,22024,77950,61740,13338,106.0
38930,110485,91689,23339,43344,48345,23797,1996,-3205.0
35810,107348,98154,27676,30252,67902,46844,7678,-1060.0
48611,98461,63148,13038,48068,15080,2325,23,260.0
35773,106867,98785,28294,27806,70979,51255,9173,-603.0
48666,97604,62138,12753,47758,14380,2088,14,447.0
48418,94906,59458,12056,46580,12878,1746,10,914.0
47254,107225,74708,16471,50590,24118,6045,132,-1734.0
35670,105627,100072,29838,21116,78956,63395,14000,277.0
44998,82029,48581,9408,40714,7867,601,0,2142.0
35688,105309,100381,30375,18512,81869,68285,16406,385.0
47585,105539,72190,15668,50372,21818,4795,77,-1432.0
47642,92303,57276,11519,45438,11838,1427,12,1096.0
45198,110255,80778,18516,50460,30318,9335,328,-2795.0
48109,105161,71207,15337,50392,20815,4377,81,-1182.0
41818,110866,86660,20944,47656,39004,15554,826,-3332.0
39381,111103,91439,23081,44392,47047,22319,1717,-3364.0
38534,110297,92651,23873,42064,50587,26169,2440,-2985.0
45683,109070,78715,17832,50438,28277,8194,253,-2504.0
39969,110981,90207,22541,45168,45039,20645,1493,-3346.0
44038,78885,46097,8832,39202,6895,481,0,2418.0
36749,108866,95874,25874,36504,59370,35858,4479,-2117.0
47387,107707,75001,16511,50936,24065,5835,111,-1830.0
43660,111191,84164,19809,49474,34690,12243,538,-3176.0
46595,108139,76505,17062,50638,25867,6863,159,-2101.0
45049,82017,48552,9403,40686,7866,645,1,2181.0
41045,71903,41276,7793,35794,5482,315,1,2625.0
41630,110634,86552,20921,47578,38974,15478,798,-3373.0
46109,85712,51538,10105,42446,9092,820,3,1830.0
26638,42783,22812,4040,21384,1428,15,0,2627.0
46416,108166,76731,17148,50574,26157,7018,176,-2167.0
38005,110052,93792,24497,40602,53190,28848,2907,-2752.0
37429,109813,94829,25061,39292,55537,31229,3369,-2616.0
40777,111165,88750,21821,46574,42176,18017,1121,-3459.0
42237,111077,86187,20698,48186,38001,14705,753,-3351.0
48491,100602,65639,13735,48868,16771,2866,37,-207.0
7648,11636,5900,997,5818,82,0,0,915.0
41365,111187,87957,21482,47022,40935,17143,1037,-3347.0
48504,98727,63503,13135,48196,15307,2335,18,145.0
43299,110703,84042,19819,49170,34872,12363,491,-3181.0
23104,36722,19399,3407,18356,1043,10,0,2374.0
36211,107998,96948,26747,33414,63534,41170,5969,-1586.0
40412,70254,40086,7531,34986,5100,282,0,2713.0
45819,109703,79345,18007,50648,28697,8407,263,-2546.0
43342,110449,83706,19723,49074,34632,12301,516,-3124.0
46148,108974,78134,17618,50560,27574,7854,208,-2310.0
10544,16136,8228,1398,8068,160,0,0,1238.0
35937,104542,101352,32682,6612,94740,91318,29195,65.0
240,360,180,30,180,0,0,0,30.0
45210,109953,80359,18383,50420,29939,9113,324,-2767.0
48115,103697,69603,14899,49812,19791,4073,59,-878.0
48335,97030,61788,12680,47496,14292,2038,13,413.0
44703,110032,81232,18735,50054,31178,9924,313,-2832.0
42163,110934,86069,20665,48148,37921,14638,749,-3367.0
46658,87039,52481,10313,43084,9397,871,0,1787.0
47980,102263,68059,14467,49316,18743,3631,46,-691.0
42937,110826,84663,20064,48942,35721,12942,575,-3290.0
40223,111114,89968,22405,45506,44462,20102,1373,-3328.0
36670,61863,34436,6336,30856,3580,151,0,2907.0
47760,92207,57084,11461,45402,11682,1403,6,1176.0
48283,98987,63989,13286,48262,15727,2463,23,-1.0
40360,111282,89594,22171,46162,43432,18958,1196,-3499.0
42942,75717,43683,8280,37686,5997,345,0,2628.0
28774,46565,25001,4456,23266,1735,33,0,2754.0
45703,109002,78540,17759,50526,28014,7950,213,-2518.0
44294,110859,82833,19292,49914,32919,11031,428,-3024.0
46627,108269,76554,17061,50742,25812,6785,183,-2149.0
44701,109978,81069,18667,50136,30933,9706,315,-2875.0
48239,102937,68549,14576,49642,18907,3653,47,-725.0
44597,109973,81221,18734,50038,31183,9897,337,-2889.0
26860,43310,23176,4118,21644,1532,22,0,2608.0
47303,107211,74546,16398,50704,23842,5803,119,-1760.0
47481,90171,55126,10956,44516,10610,1139,5,1480.0
47482,107595,74757,16429,50940,23817,5715,112,-1785.0
48719,96672,61087,12467,47372,13715,1928,13,667.0
48504,96793,61386,12560,47412,13974,1969,18,537.0
35964,107492,98140,27685,30170,67970,47152,7940,-1073.0
36340,108464,96686,26444,34708,61978,39048,5396,-1882.0
20072,31700,16650,2909,15846,804,8,0,2113.0
43020,111037,84938,20165,48886,36052,13265,622,-3244.0
35565,106010,99647,29259,23740,75907,58530,11939,-57.0
47127,89934,55163,10989,44392,10771,1150,1,1367.0
46053,84505,50311,9786,41906,8405,693,1,2073.0
48607,97593,62190,12775,47730,14460,2133,19,429.0
5236,7936,4009,675,3968,41,0,0,634.0
44275,110469,82228,19076,50000,32228,10469,359,-3042.0
39626,67977,38362,7140,33884,4478,209,0,2871.0
35944,60244,33342,6103,30066,3276,112,0,2939.0
36674,62005,34568,6367,30934,3634,137,0,2870.0
38934,66467,37346,6923,33154,4192,159,0,2890.0
48476,102408,67725,14325,49500,18225,3408,40,-532.0
35618,105694,99877,29646,21878,77999,61938,13430,155.0
43315,110522,83587,19641,49328,34259,11866,509,-3261.0
46407,108035,76525,17074,50606,25919,6823,155,-2177.0
48017,94473,59291,12030,46402,12889,1669,5,805.0
48504,95822,60341,12280,47002,13339,1818,16,743.0
36410,61005,33750,6175,30450,3300,105,0,2980.0
37611,109607,94119,24759,39684,54435,30239,3199,-2636.0
47122,106842,74260,16324,50576,23684,5690,114,-1784.0
48464,102348,67659,14306,49482,18177,3384,44,-531.0
21588,34136,17951,3140,17062,889,12,0,2263.0
39943,110956,90167,22519,45220,44947,20516,1453,-3365.0
39016,110532,91496,23234,43588,47908,23356,1936,-3254.0
43026,110981,84828,20120,48936,35892,13109,584,-3247.0
48514,101264,66374,13939,49114,17260,3036,30,-315.0
44007,110589,82779,19298,49770,33009,11049,439,-3101.0
38834,66411,37375,6939,33116,4259,179,0,2859.0
47031,107784,75563,16732,50734,24829,6316,141,-1922.0
42827,111009,85132,20250,48764,36368,13481,663,-3300.0
35756,106938,98554,28095,28538,70016,49862,8664,-723.0
35650,106517,98987,28564,26590,72397,53337,9948,-444.0
34567,57460,31582,5747,28682,2900,96,1,2942.0
38037,110113,93699,24428,40830,52869,28453,2817,-2805.0
35586,106442,99115,28680,26150,72965,54142,10278,-421.0
46664,107005,75028,16612,50384,24644,6237,130,-1925.0
45465,109927,80110,18292,50468,29642,8991,285,-2644.0
48606,100558,65496,13688,48864,16632,2830,30,-144.0
37230,63017,35171,6485,31432,3739,153,0,2899.0
46245,85277,51002,9963,42226,8776,825,5,2007.0
35847,104738,100975,31525,12800,88175,79138,21929,559.0
48337,93371,57835,11618,45962,11873,1447,9,1183.0
37452,109499,94396,24926,39236,55160,31027,3370,-2577.0
48201,94035,58678,11856,46220,12458,1595,5,988.0
1940,2924,1469,246,1462,7,0,0,239.0
38050,64887,36437,6753,32356,4081,175,0,2847.0
20062,31583,16538,2881,15790,748,3,0,2136.0
48499,98155,62926,12989,47918,15008,2319,19,281.0
35666,105402,100355,30243,19252,81103,66898,15662,376.0
39911,111002,90278,22563,45178,45100,20646,1485,-3376.0
35674,59967,33261,6098,29934,3327,99,0,2870.0
47491,91092,56095,11211,44924,11171,1244,1,1283.0
48782,99566,64185,13302,48558,15627,2450,26,99.0
48845,103132,68160,14407,49878,18282,3376,35,-534.0
49043,99967,64419,13351,48732,15687,2503,23,144.0
39491,110683,90941,22957,44140,46801,22403,1767,-3208.0
48764,102131,67098,14115,49506,17592,3119,26,-384.0
45128,81528,47964,9241,40482,7482,564,0,2323.0
35919,104587,101225,32199,9256,91969,86075,25947,358.0
46259,108550,77292,17314,50700,26592,7150,185,-2313.0
41291,111204,87918,21441,47190,40728,16824,973,-3436.0
39812,110639,90215,22620,44710,45505,21219,1566,-3232.0
46031,109236,78579,17764,50574,28005,8088,237,-2390.0
47467,105982,72855,15877,50448,22407,5086,93,-1537.0
27874,45081,24192,4310,22524,1668,33,0,2675.0
44751,110121,81199,18704,50174,31025,9773,327,-2875.0
46927,108206,76142,16904,50860,25282,6486,149,-2041.0
43544,78069,45670,8761,38774,6896,521,2,2384.0
40318,110876,89185,22063,45992,43193,18892,1198,-3436.0
1784,2684,1346,225,1342,4,0,0,221.0
43840,110392,82927,19402,49442,33485,11508,452,-3027.0
48206,92078,56536,11275,45422,11114,1234,6,1389.0
46953,107611,75440,16705,50650,24790,6311,149,-1923.0
38233,110193,93122,24104,41620,51502,26953,2497,-2942.0
45570,109122,78908,17902,50404,28504,8314,258,-2546.0
9240,14128,7198,1222,7064,134,0,0,1088.0
37540,109656,94319,24852,39526,54793,30604,3312,-2649.0
436,656,329,55,328,1,0,0,54.0
37028,109077,95221,25481,37556,57665,33965,4090,-2309.0
47955,104793,71032,15320,50144,20888,4505,63,-1126.0
39026,110603,91629,23284,43554,48075,23495,1936,-3232.0
48710,104136,69385,14753,50252,19133,3632,46,-794.0
42111,111002,86310,20766,48024,38286,14954,781,-3347.0
45824,109410,78884,17846,50692,28192,8026,228,-2548.0
11132,17168,8819,1509,8584,235,0,0,1274.0
35819,104703,101084,31701,11962,89122,80779,22859,499.0
10500,16112,8237,1403,8056,181,0,0,1222.0
42757,75785,43909,8353,37700,6209,385,1,2528.0
38298,110255,93058,24066,41720,51338,26815,2508,-2965.0
47227,107740,75201,16584,50898,24303,5944,121,-1896.0
37844,109784,93695,24502,40378,53317,29028,2960,-2747.0
3556,5368,2701,453,2684,17,0,0,436.0
41685,111332,87324,21146,47772,39552,15788,851,-3469.0
43529,78175,45763,8779,38852,6911,471,1,2338.0
36250,108317,96888,26601,34170,62718,39977,5640,-1780.0
36001,107678,97710,27298,31632,66078,44414,6899,-1265.0
40793,110883,88389,21711,46512,41877,17859,1105,-3412.0
41880,111185,86982,21030,47784,39198,15617,802,-3353.0
41957,111121,86587,20850,48074,38513,14973,737,-3427.0
44088,110699,82796,19287,49870,32926,10959,422,-3102.0
10024,15300,7782,1319,7650,132,0,0,1187.0
47966,104245,70318,15100,50036,20282,4173,52,-1061.0
43652,110479,83265,19525,49380,33885,11719,446,-3087.0
40522,70269,40008,7502,35004,5004,261,0,2759.0
38659,110538,92409,23674,42774,49635,24990,2173,-3144.0
45730,84640,50743,9928,41918,8825,804,2,1905.0
45386,109758,79953,18245,50436,29517,8886,278,-2664.0
37236,62598,34740,6375,31230,3510,138,0,3003.0
432,648,324,54,324,0,0,0,54.0
39664,110674,90134,22541,45022,45112,20630,1476,-3417.0
48177,105329,71405,15402,50398,21007,4533,77,-1149.0
36402,108577,96588,26360,35016,61572,38545,5280,-1947.0
46801,108155,76203,16931,50820,25383,6515,145,-2082.0
25134,40257,21419,3787,20116,1303,25,0,2509.0
47943,105239,71461,15422,50390,21071,4459,67,-1257.0
41189,110868,87713,21411,46960,40753,16948,983,-3377.0
36014,107662,97714,27313,31550,66164,44562,6958,-1247.0
35707,107060,98574,28078,28680,69894,49700,8741,-857.0
38755,110332,91926,23486,42936,48990,24460,2093,-3137.0
40872,70758,40233,7536,35250,4983,258,0,2811.0
45768,84177,50210,9782,41728,8482,721,2,2019.0
47217,106795,74197,16317,50492,23705,5811,121,-1698.0
31704,52026,28275,5094,25986,2289,54,0,2859.0
42441,75369,43734,8330,37488,6246,393,1,2476.0
45592,109312,79153,17978,50438,28715,8436,244,-2545.0
35851,104738,101047,31622,12362,88685,80014,22413,538.0
45190,110015,80470,18414,50456,30014,9103,272,-2769.0
48604,100883,65808,13763,49038,16770,2807,34,-234.0
42067,111155,86612,20878,47956,38656,15243,819,-3354.0
48223,106113,72199,15607,50756,21443,4601,63,-1298.0
47504,106577,73496,16053,50674,22822,5229,90,-1630.0
35741,106896,98811,28293,27864,70947,51168,9151,-637.0
35677,105116,100587,30644,17310,83277,70496,17359,504.0
38158,110154,93131,24126,41506,51625,27142,2634,-2991.0
34948,58504,32341,5913,29204,3137,96,0,2872.0
21310,33611,17632,3077,16802,830,7,0,2254.0
46093,108173,77038,17260,50516,26522,7141,181,-2302.0
35720,105507,100209,30109,19764,80445,65979,15330,313.0
49041,103285,68141,14384,49978,18163,3329,37,-487.0
48380,99297,64272,13362,48372,15900,2553,22,-7.0
41252,111251,88206,21583,46914,41292,17423,1090,-3376.0
35870,104647,101108,31840,11176,89932,82295,23712,491.0
47961,106610,73217,15965,50644,22573,5322,111,-1397.0
25216,40382,21479,3796,20182,1297,18,0,2517.0
48537,103605,69052,14699,49910,19142,3785,57,-715.0
48082,104510,70464,15122,50196,20268,4118,58,-1086.0
44002,110212,82442,19225,49534,32908,11144,454,-2993.0
23846,37953,20073,3529,18972,1101,9,0,2437.0
33432,55330,30289,5491,27632,2657,66,0,2900.0
21244,33610,17678,3092,16804,874,2,0,2220.0
48176,94036,58661,11844,46258,12403,1520,4,957.0
42446,111168,86086,20657,48230,37856,14708,802,-3293.0
33578,55597,30448,5522,27764,2684,69,0,2907.0
38450,110234,92451,23765,42312,50139,25610,2334,-3098.0
25014,39965,21217,3744,19970,1247,25,0,2522.0
46687,108095,76264,16963,50750,25514,6595,151,-2107.0
37503,109702,94449,24894,39534,54915,30634,3257,-2644.0
44436,110028,81562,18872,49892,31670,10244,348,-2902.0
37778,110040,93999,24579,40524,53475,28992,2938,-2842.0
37016,62664,34968,6445,31266,3702,132,0,2875.0
40709,111077,88828,21878,46388,42440,18301,1157,-3418.0
48209,105017,70981,15271,50336,20645,4345,69,-1098.0
48535,99277,64073,13286,48430,15643,2417,15,45.0
35884,104637,101135,31911,10804,90331,83029,24138,471.0
37916,109850,93428,24344,40792,52636,28266,2824,-2850.0
35728,105200,100527,30596,17478,83049,70244,17332,459.0
43946,110519,82880,19358,49612,33268,11295,436,-3051.0
44716,110282,81312,18713,50346,30966,9590,304,-2967.0
46324,85659,51296,10024,42448,8848,763,2,1937.0
47735,105343,71868,15575,50286,21582,4771,79,-1315.0
48068,105623,71807,15515,50524,21283,4575,70,-1263.0
39555,110902,90972,22923,44406,46566,22090,1745,-3298.0
38559,110215,92177,23625,42604,49573,25007,2163,-3104.0
38721,110536,92241,23590,42942,49299,24652,2107,-3164.0
39826,68763,38999,7287,34276,4723,211,0,2775.0
21086,33403,17596,3083,16694,902,15,0,2196.0
11004,16868,8615,1466,8434,181,0,0,1285.0
46390,108355,77047,17257,50552,26495,7251,188,-2175.0
46937,107958,75834,16815,50778,25056,6402,163,-2002.0
45607,109113,78848,17879,50422,28426,8269,259,-2537.0
46616,108533,76824,17124,50904,25920,6725,146,-2217.0
47606,106106,72848,15857,50554,22294,4998,70,-1509.0
43741,110506,83102,19454,49480,33622,11546,495,-3117.0
48759,96947,61383,12551,47460,13923,2027,11,644.0
35581,105604,100026,29815,21162,78864,63280,14043,188.0
47406,107642,74921,16490,50902,24019,5838,114,-1805.0
18870,29553,15403,2672,14774,629,5,0,2048.0
45015,109792,80456,18442,50260,30196,9272,281,-2763.0
48030,95125,59996,12222,46660,13336,1805,12,679.0
35827,104728,101085,31631,12384,88701,79960,22337,553.0
45513,109930,79926,18200,50652,29274,8626,243,-2691.0
37927,109928,93810,24537,40398,53412,29132,2985,-2728.0
36060,60678,33694,6185,30278,3416,122,0,2891.0
36313,108331,96956,26634,34108,62848,40115,5597,-1696.0
47992,97745,62955,13042,47658,15297,2429,14,160.0
46149,108358,77282,17346,50488,26794,7382,207,-2273.0
47565,89610,54470,10779,44266,10204,1078,7,1646.0
46978,108070,75900,16822,50868,25032,6334,138,-2014.0
47621,106004,72702,15815,50514,22188,4976,99,-1496.0
2116,3188,1601,268,1594,7,0,0,261.0
48433,96304,60901,12430,47222,13679,1860,11,600.0
19484,30674,16064,2799,15334,730,6,0,2075.0
47543,90985,55964,11180,44848,11116,1289,11,1342.0
48588,100594,65530,13693,48902,16628,2790,24,-169.0
42365,110816,85734,20552,48156,37578,14504,747,-3269.0
44781,109436,80242,18398,50096,30146,9244,307,-2811.0
48150,100248,65585,13754,48646,16939,2956,38,-267.0
41133,111234,88207,21570,46994,41213,17246,1067,-3464.0
48233,104044,69846,14947,50010,19836,4024,47,-912.0
5228,7936,4015,677,3968,47,0,0,630.0
36630,108849,96145,26009,36236,59909,36377,4560,-2083.0
18040,28226,14699,2548,14110,589,6,0,1965.0
14594,22615,11671,2006,11306,365,3,0,1644.0
46966,107545,75276,16639,50718,24558,6109,132,-1942.0
47960,105757,72069,15600,50538,21531,4681,78,-1328.0
48703,98528,63136,13026,48116,15020,2296,17,285.0
42498,111149,85905,20571,48384,37521,14381,748,-3317.0
36788,109093,95834,25777,37006,58828,35081,4278,-2248.0
47806,90962,55733,11102,44854,10879,1254,2,1475.0
47896,105512,71950,15595,50330,21620,4852,88,-1261.0
48058,92621,57243,11474,45642,11601,1337,4,1206.0
34112,56890,31351,5717,28400,2951,90,0,2856.0
35782,104956,100748,31039,15262,85486,74432,19450,535.0
41634,72781,41704,7861,36242,5462,297,0,2696.0
46999,106382,73782,16184,50460,23322,5462,109,-1785.0
36850,108928,95550,25698,36912,58638,35104,4390,-2226.0
36450,108528,96474,26298,35160,61314,38208,5094,-1902.0
44644,110169,81260,18710,50260,31000,9649,334,-2975.0
39388,67534,38084,7082,33676,4408,182,0,2856.0
45339,109493,79518,18084,50532,28986,8429,247,-2720.0
39214,110802,91316,23080,44152,47164,22498,1766,-3352.0
40842,111117,88798,21873,46358,42440,18401,1184,-3350.0
39952,68902,39053,7295,34336,4717,230,0,2808.0
37411,109403,94202,24846,39328,54874,30747,3355,-2636.0
26674,43013,23022,4092,21492,1530,29,0,2591.0
42668,110870,85313,20357,48484,36829,13902,676,-3246.0
42208,110864,85850,20568,48292,37558,14280,664,-3374.0
43576,111267,84302,19844,49540,34762,12187,502,-3233.0
39862,68489,38695,7208,34142,4553,205,0,2860.0
40919,111050,88509,21743,46560,41949,17930,1089,-3365.0
39889,111070,90717,22791,44688,46029,21694,1711,-3255.0
41617,111139,87421,21245,47372,40049,16395,937,-3346.0
48473,101532,66726,14044,49188,17538,3156,39,-377.0
36830,62509,34953,6453,31188,3765,133,0,2821.0
44371,79840,46825,8999,39656,7169,528,1,2357.0
48073,104793,70874,15255,50218,20656,4357,57,-1101.0
48679,102098,67088,14109,49522,17566,3054,37,-440.0
45585,109225,79037,17943,50416,28621,8393,261,-2546.0
43351,110919,84136,19822,49340,34796,12239,519,-3254.0
45497,109444,79302,18006,50568,28734,8308,231,-2651.0
34746,58085,32074,5859,28994,3080,97,0,2876.0
35840,104791,100995,31487,13068,87927,78655,21658,557.0
46763,109473,77944,17473,51050,26894,7373,191,-2239.0
46664,108965,77440,17337,50858,26582,7249,202,-2198.0
44951,110146,80850,18541,50454,30396,9238,269,-2886.0
45101,110008,80551,18449,50408,30143,9192,303,-2805.0
46404,87073,52727,10396,43078,9649,917,2,1662.0
39607,110770,90803,22886,44290,46513,22190,1809,-3246.0
44083,78958,46116,8829,39258,6858,442,1,2412.0
47171,106798,74185,16302,50558,23627,5682,101,-1744.0
46380,108599,77359,17351,50612,26747,7375,190,-2211.0
37155,109385,94941,25218,38574,56367,32237,3595,-2507.0
39843,111058,90542,22671,45058,45484,20942,1473,-3344.0
42730,110824,85050,20238,48672,36378,13480,622,-3282.0
42875,111258,85378,20312,48884,36494,13490,625,-3317.0
46597,87092,52610,10357,43078,9532,936,3,1758.0
40364,70192,40025,7510,34990,5035,212,0,2687.0
35486,59441,32869,6010,29678,3191,85,0,2904.0
46378,86605,52261,10277,42860,9401,885,4,1757.0
48165,94398,59136,11990,46332,12804,1734,7,913.0
47800,105432,71889,15571,50352,21537,4728,76,-1314.0
46222,107919,76549,17091,50552,25997,6815,148,-2239.0
40228,110805,89341,22161,45716,43625,19373,1306,-3397.0
38988,110483,91699,23356,43262,48437,23959,2030,-3152.0
43296,110457,83735,19729,49096,34639,12265,510,-3155.0
36612,108582,96121,26098,35654,60467,37274,4852,-1947.0
42745,110986,85203,20276,48750,36453,13486,623,-3314.0
48544,104516,70059,14975,50268,19791,3980,52,-888.0
45895,109236,78576,17744,50688,27888,7860,225,-2509.0
6256,9476,4784,805,4738,46,0,0,759.0
38323,110120,92830,23985,41750,51080,26620,2477,-2952.0
35659,106872,98780,28263,27982,70798,50908,9069,-696.0
43518,77813,45383,8678,38698,6685,417,0,2410.0
42825,75653,43736,8308,37624,6112,405,1,2600.0
35436,58888,32353,5884,29402,2951,84,0,3017.0
43973,110476,82706,19286,49696,33010,11084,443,-3083.0
28390,45951,24674,4398,22960,1714,31,0,2715.0
35835,104716,101075,31672,12118,88957,80480,22673,522.0
35602,106735,98945,28426,27334,71611,52067,9496,-614.0
46661,87320,52790,10398,43192,9598,936,3,1733.0
39031,110680,91938,23426,43320,48618,24040,1985,-3137.0
48377,102094,67389,14222,49446,17943,3202,31,-550.0
36316,108397,96650,26420,34780,61870,38837,5238,-1851.0
48302,105024,70857,15218,50406,20451,4212,62,-1083.0
47545,108114,75261,16560,51162,24099,5790,119,-1868.0
45622,83377,49465,9591,41384,8081,609,0,2119.0
47826,92929,57769,11631,45752,12017,1425,4,1035.0
45247,110311,80835,18537,50448,30387,9415,331,-2766.0
37126,62719,34940,6431,31294,3646,131,0,2916.0
45089,110246,80834,18528,50500,30334,9246,291,-2851.0
39428,110873,91039,22949,44384,46655,22105,1754,-3355.0
36359,108463,96515,26321,35104,61411,38255,5075,-1910.0
36792,109082,95979,25884,36654,59325,35774,4528,-2195.0
44857,110253,81229,18701,50252,30977,9749,341,-2868.0
36061,108109,96953,26674,33862,63091,40385,5737,-1769.0
35892,104611,101211,32089,9888,91323,84835,25198,403.0
39911,110990,90294,22575,45138,45156,20714,1493,-3360.0
45909,108364,77561,17452,50410,27151,7544,191,-2346.0
48014,93182,57952,11684,45800,12152,1582,14,1100.0
2304,3476,1748,293,1738,10,0,0,283.0
47730,105848,72369,15697,50556,21813,4736,66,-1446.0
46948,107626,75402,16680,50724,24678,6178,136,-1956.0
35605,106416,99159,28714,26034,73125,54348,10303,-366.0
36735,108885,95982,25937,36342,59640,36201,4603,-2105.0
35781,107125,98503,27983,29108,69395,48909,8321,-824.0
47015,107394,75044,16565,50698,24346,5998,117,-1900.0
44749,110175,81344,18771,50062,31282,10051,393,-2853.0
45281,82182,48526,9378,40784,7742,614,3,2247.0
43867,78229,45557,8705,38884,6673,461,3,2490.0
35802,107279,98064,27632,30336,67728,46607,7556,-1045.0
35730,105039,100664,30848,16240,84424,72559,18476,507.0
43981,110973,83280,19448,49872,33408,11229,429,-3160.0
42726,111005,85333,20341,48620,36713,13765,680,-3287.0
38435,110272,92748,23913,42018,50730,26236,2421,-3002.0
47034,109047,76986,17128,51204,25782,6639,140,-2155.0
44191,79590,46723,8988,39518,7205,554,1,2336.0
45061,81423,47904,9229,40434,7470,555,1,2313.0
35660,105252,100461,30501,17916,82545,69420,17008,368.0
48605,101716,66803,14052,49294,17509,3128,31,-360.0
48226,103194,68838,14655,49746,19092,3702,50,-785.0
35750,106932,98549,28101,28492,70057,49948,8726,-734.0
48039,105568,71719,15480,50558,21161,4452,61,-1290.0
35645,106376,99209,28797,25636,73573,55104,10647,-319.0
36828,109055,95409,25546,37542,57867,33971,4014,-2364.0
8136,12416,6314,1070,6208,106,0,0,964.0
36142,107881,97543,27150,32186,65357,43509,6648,-1346.0
47648,91395,56278,11247,45074,11204,1247,6,1284.0
47988,91772,56413,11263,45248,11165,1276,8,1366.0
46752,108167,76405,17026,50654,25751,6859,170,-2036.0
43694,110119,82613,19292,49474,33139,11171,428,-3104.0
40756,110847,88335,21696,46494,41841,17859,1166,-3452.0
36501,108414,96413,26326,34870,61543,38674,5283,-1826.0
40376,69766,39591,7401,34776,4815,214,0,2800.0
35649,106280,99317,28908,25186,74131,55908,10907,-222.0
48551,95257,59687,12099,46780,12907,1697,7,882.0
48104,104750,70751,15210,50242,20509,4266,72,-1105.0
38079,64908,36434,6750,32368,4066,172,1,2855.0
35701,105214,100493,30492,18034,82459,69146,16691,488.0
44424,110718,82287,19064,50190,32097,10338,376,-3071.0
32350,53425,29193,5284,26682,2511,61,0,2834.0
48023,103678,69609,14896,49842,19767,3994,65,-942.0
40836,110809,88117,21597,46652,41465,17505,1090,-3453.0
36230,108091,97115,26828,33262,63853,41567,6116,-1574.0
41888,73346,42075,7937,36528,5547,290,0,2680.0
41909,111242,86949,21009,47844,39105,15554,851,-3393.0
44552,110490,81933,18961,50100,31833,10290,384,-2966.0
35702,105134,100565,30662,17158,83407,70818,17602,471.0
41641,72863,41787,7883,36276,5511,311,1,2682.0
47949,105202,71397,15398,50406,20991,4390,51,-1254.0
39212,66720,37393,6918,33278,4115,164,0,2967.0
48174,94698,59391,12044,46518,12873,1662,10,823.0
41654,111162,87411,21245,47352,40059,16458,986,-3342.0
35032,58784,32572,5969,29330,3242,124,0,2851.0
41253,111043,87703,21369,47192,40511,16659,973,-3456.0
41780,72924,41743,7863,36308,5435,308,0,2736.0
36611,108711,96273,26138,35718,60555,37275,4823,-1965.0
43156,76546,44380,8448,38072,6308,402,0,2542.0
48504,97930,62661,12914,47838,14823,2254,24,321.0
46269,108846,77753,17471,50680,27073,7486,179,-2295.0
35330,59077,32634,5964,29484,3150,109,0,2923.0
37344,109529,94801,25113,38924,55877,31681,3414,-2497.0
37037,109162,95140,25391,37934,57206,33294,3855,-2376.0
30284,49488,26801,4814,24718,2083,52,0,2783.0
38046,110064,93482,24317,41062,52420,27940,2690,-2853.0
39968,111123,90346,22573,45254,45092,20615,1478,-3382.0
46347,108172,76629,17081,50772,25857,6628,129,-2277.0
40160,110904,89687,22312,45502,44185,19900,1396,-3369.0
44968,110344,81181,18670,50342,30839,9660,356,-2865.0
45258,109049,79215,18034,50226,28989,8597,252,-2610.0
48224,104559,70397,15094,50230,20167,4099,58,-1032.0
44276,109931,81560,18877,49858,31702,10215,362,-2972.0
42412,110799,85427,20398,48466,36961,13867,662,-3358.0
48312,97293,62118,12776,47580,14538,2133,10,361.0
43199,110734,84209,19895,49048,35161,12638,593,-3221.0
24452,38924,20595,3623,19452,1143,20,0,2500.0
35682,106646,99003,28524,26862,72141,52922,9790,-485.0
37166,109263,94620,25068,38832,55788,31599,3424,-2545.0
35968,107684,97792,27344,31520,66272,44644,6984,-1268.0
44546,110737,82351,19109,50048,32303,10641,396,-2949.0
45301,109765,80060,18288,50392,29668,8981,293,-2692.0
48431,104805,70432,15076,50408,20024,3989,59,-1018.0
48507,102080,67279,14188,49430,17849,3220,41,-482.0
42861,110948,85083,20243,48708,36375,13532,647,-3247.0
37486,109783,94424,24858,39700,54724,30383,3248,-2731.0
37309,109250,94632,25120,38544,56088,32162,3623,-2429.0
37690,109621,93942,24668,39876,54066,29869,3128,-2657.0
47073,89314,54576,10844,44088,10488,1138,3,1491.0
48428,104583,70363,15098,50138,20225,4307,70,-890.0
45847,108677,78048,17615,50406,27642,7865,235,-2397.0
48594,97934,62572,12879,47870,14702,2194,18,353.0
48248,101640,67033,14142,49214,17819,3212,36,-501.0
48299,95898,60600,12364,47016,13584,1866,9,637.0
46695,108382,76696,17111,50726,25970,6930,173,-2102.0
42531,75076,43351,8223,37364,5987,348,1,2583.0
46475,86125,51711,10134,42618,9093,889,3,1927.0
37808,109790,93659,24484,40414,53245,28962,3008,-2807.0
46522,108582,77115,17248,50742,26373,7098,166,-2193.0
41529,110972,87302,21217,47302,40000,16368,943,-3358.0
40589,110908,88871,21931,46156,42715,18596,1191,-3379.0
47568,106174,72992,15908,50536,22456,5102,76,-1522.0
39690,110637,90194,22594,44824,45370,20989,1560,-3347.0
48868,99767,64367,13352,48622,15745,2523,14,116.0
41790,111117,86976,21037,47730,39246,15657,836,-3388.0
46777,108567,76695,17072,50958,25737,6651,153,-2167.0
39322,67485,38096,7092,33640,4456,205,0,2841.0
35575,106010,99740,29363,23302,76438,59406,12389,-58.0
13652,21016,10777,1841,10508,269,0,0,1572.0
46698,107388,75510,16765,50430,25080,6528,158,-1945.0
46626,86554,52002,10191,42858,9144,838,2,1883.0
44374,110108,81607,18869,50000,31607,10108,366,-2996.0
48097,93540,58206,11731,46026,12180,1488,7,1032.0
42512,75112,43392,8232,37392,6000,328,0,2560.0
47389,89333,54325,10753,44132,10193,1069,1,1628.0
39657,110741,90361,22645,44852,45509,21037,1541,-3368.0
48598,104548,69967,14927,50372,19595,3804,46,-910.0
39886,111168,90700,22748,44912,45788,21344,1634,-3330.0
45232,109565,79881,18240,50322,29559,8921,294,-2692.0
40583,110809,88564,21795,46358,42206,18093,1139,-3457.0
46029,84647,50466,9825,41982,8484,683,1,2023.0
44073,110030,82017,19061,49668,32349,10694,407,-3001.0
35607,105655,99957,29702,21702,78255,62251,13491,207.0
28378,45843,24573,4373,22908,1665,27,0,2735.0
45916,108900,78227,17655,50524,27703,7852,216,-2412.0
46758,108387,76525,17030,50870,25655,6647,156,-2134.0
38396,110393,92985,24008,41922,51063,26549,2514,-3020.0
43886,110523,82893,19357,49644,33249,11235,444,-3101.0
31526,51605,27981,5030,25782,2199,41,0,2872.0
46633,108501,76747,17097,50912,25835,6677,157,-2218.0
37221,109412,94862,25175,38674,56188,32064,3555,-2504.0
43445,77231,44858,8552,38404,6454,423,1,2520.0
48852,100653,65307,13600,49014,16293,2625,26,-94.0
38967,110567,91613,23276,43570,48043,23427,1923,-3263.0
45814,109020,78405,17701,50604,27801,7812,214,-2502.0
45403,109183,79180,18003,50342,28838,8499,267,-2603.0
48094,103301,69086,14735,49762,19324,3777,44,-856.0
48112,104065,70021,15019,49928,20093,4209,86,-951.0
45932,84154,50053,9730,41726,8327,702,4,2101.0
47581,91417,56373,11281,45060,11313,1297,9,1256.0
47684,107325,74281,16281,50876,23405,5573,90,-1641.0
46025,84916,50757,9903,42096,8661,724,3,1963.0
44862,81238,47887,9242,40322,7565,594,2,2269.0
35116,58506,32208,5867,29214,2994,78,0,2951.0
35891,104648,101198,31984,10492,90706,83664,24485,457.0
46300,109506,78435,17654,50946,27489,7614,204,-2425.0
26772,43364,23297,4154,21670,1627,24,0,2551.0
40524,111036,89182,22047,46082,43100,18872,1196,-3377.0
48449,105050,70789,15196,50402,20387,4246,63,-1008.0
47049,107421,75131,16608,50614,24517,6193,133,-1849.0
40415,110977,89313,22122,45894,43419,19189,1263,-3371.0
26606,42619,22672,4007,21302,1370,15,0,2652.0
44794,110097,81142,18689,50150,30992,9797,344,-2850.0
42670,111317,85861,20528,48554,37307,14209,744,-3314.0
40889,111063,88358,21654,46792,41566,17479,1037,-3470.0
7168,10916,5540,937,5458,82,0,0,855.0
46529,108752,77235,17266,50874,26361,7004,163,-2254.0
46536,109384,78081,17537,50940,27141,7504,204,-2304.0
46585,108172,76458,17026,50760,25698,6652,135,-2155.0
35824,104823,100948,31391,13550,87398,77723,21158,558.0
45062,109917,80563,18469,50312,30251,9293,272,-2761.0
39649,110793,90490,22693,44822,45668,21149,1521,-3347.0
20872,32828,17176,2990,16412,764,4,0,2230.0
48694,100356,65165,13583,48832,16333,2692,22,-80.0
35683,105378,100370,30298,18952,81418,67474,15977,377.0
35838,107480,97832,27417,31162,66670,45156,7130,-1227.0
30412,49778,26990,4852,24868,2122,42,0,2772.0
40318,111048,89441,22157,45940,43501,19168,1270,-3446.0
35252,58724,32335,5893,29312,3023,100,0,2970.0
48569,103592,68982,14672,49932,19050,3728,63,-713.0
45802,109984,79710,18115,50730,28980,8524,246,-2587.0
38189,109883,92644,23928,41720,50924,26443,2425,-2978.0
35708,105110,100549,30655,17168,83381,70774,17556,492.0
33240,54836,29938,5415,27386,2552,64,0,2927.0
45811,83906,49896,9698,41604,8292,698,1,2103.0
42424,110733,85355,20385,48400,36955,13933,702,-3339.0
45668,110406,80441,18363,50704,29737,8998,284,-2660.0
37573,109652,94296,24839,39558,54738,30536,3259,-2622.0
45854,108692,77901,17536,50586,27315,7520,214,-2473.0
47261,107080,74351,16326,50746,23605,5588,103,-1794.0
43911,110732,83039,19377,49816,33223,11100,413,-3159.0
47152,89462,54651,10855,44172,10479,1118,8,1486.0
48597,96129,60651,12370,47082,13569,1965,17,749.0
48608,98768,63477,13126,48198,15279,2372,28,191.0
35793,107170,98094,27688,30060,68034,47050,7675,-971.0
46932,87633,52879,10398,43370,9509,893,2,1780.0
48195,94638,59329,12031,46472,12857,1694,13,855.0
12934,19929,10229,1749,9964,265,1,0,1485.0
48471,100734,65863,13811,48860,17003,3014,33,-211.0
48700,96764,61184,12490,47428,13756,1908,12,630.0
35937,104549,101344,32586,7172,94172,90205,28473,146.0
46771,108410,76610,17069,50806,25804,6798,161,-2098.0
46727,107371,75199,16612,50726,24473,5919,115,-2057.0
45053,110199,81110,18679,50146,30964,9907,337,-2715.0
35850,104685,101120,31779,11566,89554,81553,23272,506.0
35641,105760,99981,29683,21864,78117,62032,13419,179.0
42960,111029,85043,20217,48784,36259,13461,662,-3243.0
41592,73020,41982,7935,36354,5628,312,0,2619.0
11348,17420,8909,1518,8710,199,0,0,1319.0
46250,109115,78044,17551,50782,27262,7551,212,-2372.0
47763,106377,73038,15905,50646,22392,5085,79,-1481.0
43986,110900,83195,19420,49870,33325,11160,394,-3139.0
45818,109166,78596,17759,50638,27958,7890,202,-2511.0
39012,66462,37292,6907,33142,4150,178,0,2935.0
39327,110529,90874,22930,44168,46706,22193,1675,-3258.0
48647,98728,63405,13104,48186,15219,2356,21,220.0
42491,110858,85424,20393,48490,36934,13878,673,-3336.0
35926,104559,101294,32372,8356,92938,87847,26992,289.0
39658,68317,38672,7214,34060,4612,197,0,2799.0
41233,111404,88307,21583,47116,41191,17172,1011,-3447.0
42852,75504,43553,8257,37564,5989,376,0,2644.0
41483,111312,87722,21334,47440,40282,16432,925,-3441.0
45582,109524,79336,18018,50564,28772,8396,266,-2624.0
35648,106276,99260,28875,25270,73990,55736,10864,-243.0
35820,104775,100944,31392,13536,87408,77703,21090,597.0
48939,100333,64888,13482,48884,16004,2565,31,12.0
19546,30623,15965,2770,15310,655,3,0,2118.0
40452,111267,89643,22232,45894,43749,19479,1366,-3404.0
48338,101410,66727,14058,49106,17621,3198,38,-403.0
1072,1612,808,135,806,2,0,0,133.0
48239,95043,59717,12129,46660,13057,1723,11,784.0
36572,108856,96143,26020,36166,59977,36524,4728,-2161.0
16606,25809,13355,2301,12904,451,1,0,1851.0
38308,110417,92967,23961,42168,50799,26081,2346,-3103.0
39153,110415,91174,23106,43712,47462,22991,1829,-3194.0
45563,83201,49351,9571,41276,8075,649,3,2142.0
36644,108712,95951,25963,36124,59827,36464,4680,-2080.0
41488,110703,86983,21121,47240,39743,16223,954,-3353.0
45734,83991,50018,9728,41668,8350,655,0,2033.0
40050,111024,89736,22276,45816,43920,19392,1262,-3514.0
25718,40995,21714,3823,20490,1224,15,0,2614.0
47017,108436,76318,16945,50966,25352,6504,143,-2046.0
42237,110893,86020,20659,48086,37934,14721,741,-3295.0
3632,5480,2756,462,2740,16,0,0,446.0
27368,44098,23581,4187,22040,1541,18,0,2664.0
36990,62637,34971,6450,31242,3729,153,0,2874.0
44210,110566,82513,19193,49868,32645,10830,414,-3036.0
46055,108437,77494,17419,50474,27020,7489,195,-2307.0
41965,111055,86510,20832,48028,38482,14999,761,-3412.0
35641,106636,98968,28502,26924,72044,52788,9775,-529.0
36436,61162,33888,6208,30528,3360,106,0,2954.0
47078,107375,75035,16575,50620,24415,6135,132,-1837.0
47671,107078,73955,16179,50836,23119,5406,97,-1631.0
38835,110348,91785,23417,43068,48717,24212,2057,-3145.0
26150,41997,22395,3967,20988,1407,21,0,2581.0
35709,106638,99042,28565,26694,72348,53250,9919,-452.0
37126,109384,94902,25188,38676,56226,32032,3538,-2544.0
34874,58287,32173,5874,29102,3071,83,0,2886.0
47118,90377,55636,11114,44588,11048,1201,4,1263.0
30160,49100,26502,4746,24528,1974,44,0,2816.0
44812,110348,81293,18699,50392,30901,9564,304,-2942.0
47743,105797,72348,15703,50478,21870,4841,83,-1409.0
15534,24129,12479,2149,12064,415,1,0,1735.0
45298,110071,80474,18412,50476,29998,9119,244,-2711.0
47701,91120,55963,11165,44936,11027,1248,7,1379.0
44553,110012,81415,18821,49904,31511,10204,379,-2865.0
14366,22249,11475,1971,11124,351,1,0,1621.0
36149,108002,97060,26797,33338,63722,41326,5991,-1590.0
36554,61743,34395,6331,30804,3591,135,0,2875.0
35596,106957,98609,28072,28786,69823,49385,8458,-824.0
38070,110065,93318,24251,41130,52188,27805,2796,-2928.0
38355,110121,92752,23952,41792,50960,26537,2495,-2966.0
48728,103003,68149,14420,49778,18371,3447,42,-546.0
37949,110064,93494,24319,41074,52420,27916,2755,-2940.0
46398,108751,77346,17305,50862,26484,7027,160,-2312.0
44914,109866,80786,18583,50074,30712,9718,338,-2749.0
47846,104977,71357,15427,50152,21205,4673,96,-1201.0
47836,92624,57448,11548,45608,11840,1408,4,1112.0
44546,109822,81128,18718,49948,31180,9926,330,-2866.0
47828,107212,73867,16120,51014,22853,5184,88,-1637.0
26988,43342,23112,4094,21660,1452,22,0,2664.0
31850,52079,28213,5068,26018,2195,43,0,2916.0
47292,108034,75530,16684,50956,24574,6122,128,-1896.0
48257,95819,60621,12390,46902,13719,2015,17,669.0
44593,110382,81797,18924,50050,31747,10282,375,-2916.0
41342,72029,41161,7741,35876,5285,277,0,2733.0
42308,111096,85918,20560,48476,37442,14144,692,-3430.0
47248,106377,73623,16136,50430,23193,5517,102,-1642.0
42636,110910,85246,20303,48674,36572,13562,624,-3331.0
42583,111237,85659,20423,48780,36879,13677,639,-3418.0
47703,106000,72697,15822,50462,22235,5076,85,-1422.0
39956,111205,90583,22686,45050,45533,21105,1610,-3352.0
36452,61478,34204,6289,30674,3530,130,0,2889.0
48599,102996,68216,14438,49804,18412,3388,33,-619.0
41188,72668,41953,7958,36158,5795,352,0,2515.0
45581,109696,79736,18177,50410,29326,8876,283,-2556.0
41713,110888,86774,20985,47638,39136,15612,847,-3386.0
38937,110758,92224,23549,43154,49070,24450,2075,-3146.0
44122,110190,82170,19103,49722,32448,10746,402,-3001.0
37871,109932,93840,24543,40422,53418,29088,2977,-2764.0
41247,111011,87912,21495,46854,41058,17303,1087,-3347.0
46519,108443,76787,17114,50890,25897,6663,131,-2251.0
40510,111165,89357,22113,46036,43321,19093,1296,-3411.0
13528,20946,10801,1855,10472,329,2,0,1528.0
48050,94138,58947,11946,46218,12729,1702,6,913.0
35767,107246,98225,27756,29914,68311,47418,7873,-1010.0
37838,110014,93652,24398,40916,52736,28182,2766,-2922.0
46075,109251,78352,17649,50810,27542,7631,211,-2473.0
8420,12836,6521,1104,6418,103,0,0,1001.0
39649,110698,90393,22677,44724,45669,21250,1591,-3333.0
40690,110979,88685,21830,46390,42295,18199,1168,-3434.0
46495,108718,77289,17299,50784,26505,7150,177,-2233.0
