N0,N1,N2,Volume,Enclosing_surface,Contact_surface,TETRAVOXEL,OCTOVOXEL,MISC_Async
36588,62108,34737,6415,30984,3753,140,0,2802.0
48381,104465,70247,15063,50116,20131,4233,65,-900.0
46579,108014,76383,17035,50556,25827,6902,197,-2087.0
42546,110736,85099,20262,48626,36473,13484,626,-3353.0
46549,87962,53547,10602,43482,10065,998,3,1532.0
44114,110280,82313,19153,49708,32605,10864,418,-3006.0
43680,78448,45938,8817,38974,6964,500,0,2353.0
36324,108179,96687,26515,34284,62403,39611,5406,-1683.0
47131,106909,74370,16363,50562,23808,5785,111,-1771.0
38618,66085,37202,6907,32962,4240,161,0,2828.0
35937,104543,101370,32746,6264,95106,92015,29637,18.0
38771,66134,37142,6884,32980,4162,174,1,2895.0
47484,106486,73526,16090,50512,23014,5462,104,-1566.0
48608,102419,67570,14262,49568,18002,3283,46,-503.0
48459,94823,59261,11983,46624,12637,1575,7,914.0
46692,108605,76958,17189,50782,26176,7041,198,-2144.0
42524,74976,43247,8195,37324,5923,328,0,2600.0
35626,106774,98885,28340,27730,71155,51314,9102,-603.0
29226,47509,25606,4579,23738,1868,33,0,2744.0
38358,109977,92337,23760,42114,50223,25749,2328,-3042.0
48473,103048,68441,14523,49744,18697,3560,43,-657.0
35608,59952,33314,6120,29908,3406,136,0,2850.0
45689,109568,79231,17966,50666,28565,8236,251,-2614.0
27592,44432,23748,4215,22206,1542,20,0,2693.0
48204,103837,69600,14874,49956,19644,3925,62,-907.0
47445,107678,74975,16515,50860,24115,5958,131,-1773.0
38164,109957,92858,24021,41590,51268,26777,2486,-2956.0
48191,104193,70106,15039,49978,20128,4237,83,-935.0
48414,98870,63750,13211,48234,15516,2402,14,83.0
32066,52899,28881,5224,26418,2463,63,0,2824.0
44426,110033,81557,18867,49912,31645,10209,348,-2917.0
48611,96283,60729,12372,47226,13503,1831,15,685.0
35675,105227,100424,30428,18280,82144,68667,16507,444.0
48040,92283,56928,11399,45462,11466,1359,6,1286.0
45764,109473,79100,17935,50590,28510,8293,262,-2544.0
43001,110821,84609,20047,48936,35673,12949,581,-3258.0
38834,110515,91829,23394,43294,48535,23927,2032,-3246.0
35930,104551,101322,32526,7488,93834,89575,28092,175.0
45588,109041,78714,17822,50496,28218,8049,214,-2561.0
35609,105731,100078,29750,21656,78422,62419,13541,206.0
48444,95657,60224,12255,46918,13306,1821,14,756.0
47902,105839,72225,15649,50556,21669,4727,68,-1361.0
44451,110065,81517,18846,49958,31559,10149,379,-2943.0
46533,87285,52849,10420,43178,9671,929,1,1677.0
38914,110453,92009,23516,42922,49087,24609,2084,-3046.0
36762,108841,95598,25722,36864,58734,35113,4304,-2203.0
35889,104635,101184,32003,10350,90834,83935,24669,435.0
47832,105244,71612,15482,50332,21280,4580,64,-1282.0
48070,104888,71023,15307,50204,20819,4480,70,-1102.0
35683,105608,100254,30043,20250,80004,65108,14861,286.0
41022,71413,40793,7671,35560,5233,293,0,2731.0
15822,24593,12727,2193,12296,431,1,0,1763.0
36534,108787,96045,25956,36354,59691,36079,4508,-2164.0
44856,110110,80974,18605,50318,30656,9474,308,-2885.0
39748,110768,90573,22769,44532,46041,21704,1648,-3216.0
36334,108381,96811,26524,34478,62333,39425,5376,-1760.0
46616,86612,52083,10216,42870,9213,872,4,1871.0
32352,53486,29249,5297,26716,2533,54,0,2818.0
36335,108425,96676,26441,34706,61970,39013,5339,-1855.0
44049,110254,82272,19130,49764,32508,10726,411,-3063.0
35686,105142,100653,30702,17094,83559,70954,17602,495.0
43900,110509,82867,19354,49610,33257,11289,482,-3096.0
44994,81855,48435,9378,40602,7833,651,0,2196.0
39244,67724,38403,7176,33750,4653,224,0,2747.0
28858,46703,25073,4468,23338,1735,27,0,2760.0
36758,108964,95653,25710,37046,58607,34872,4238,-2263.0
2080,3132,1572,263,1566,6,0,0,257.0
47847,105750,72191,15648,50494,21697,4762,73,-1360.0
45604,109298,78845,17824,50746,28099,7806,204,-2673.0
39171,110490,91092,23043,43926,47166,22638,1785,-3270.0
35831,104811,100939,31388,13550,87389,77711,21139,571.0
37626,109669,94224,24793,39690,54534,30289,3160,-2612.0
39580,68194,38618,7208,33988,4630,218,0,2796.0
45173,109771,80290,18384,50276,30014,9219,281,-2692.0
46386,108777,77472,17364,50760,26712,7257,192,-2283.0
48456,98091,62856,12964,47928,14928,2235,14,257.0
44186,79991,47113,9082,39734,7379,523,0,2226.0
44221,110901,82987,19344,49910,33077,11081,385,-3037.0
15126,23453,12109,2082,11726,383,1,0,1700.0
47541,92840,57955,11711,45644,12311,1552,7,945.0
47356,89870,54890,10898,44392,10498,1086,8,1478.0
44976,110081,80792,18534,50380,30412,9321,290,-2847.0
48557,103063,68334,14476,49812,18522,3439,41,-648.0
12362,18997,9726,1659,9498,228,1,0,1432.0
36016,107695,97744,27312,31616,66128,44463,6894,-1247.0
48899,100438,65052,13532,48912,16140,2614,25,-19.0
48563,96096,60605,12350,47110,13495,1876,9,722.0
37180,109360,94939,25244,38414,56525,32532,3736,-2485.0
48387,102871,68298,14485,49686,18612,3499,43,-671.0
43567,77582,45133,8617,38564,6569,454,1,2501.0
46014,108620,77672,17458,50596,27076,7428,202,-2392.0
47904,93132,57921,11666,45846,12075,1440,4,1027.0
46740,108255,76413,17003,50808,25605,6639,142,-2105.0
42015,111156,86558,20841,48070,38488,15016,793,-3424.0
47480,105572,72379,15740,50318,22061,4936,68,-1453.0
36633,108758,95744,25817,36586,59158,35586,4443,-2198.0
48013,104957,71096,15319,50278,20818,4401,69,-1167.0
48358,100789,65997,13849,48900,17097,2989,24,-283.0
35725,105050,100671,30809,16488,84183,72074,18163,537.0
45240,81670,48011,9243,40564,7447,542,0,2338.0
48170,103388,69130,14745,49790,19340,3808,46,-833.0
48563,95765,60221,12241,46996,13225,1773,11,778.0
29516,48004,25889,4633,23980,1909,44,0,2768.0
48592,104145,69571,14830,50162,19409,3821,54,-812.0
44434,110220,81664,18874,50084,31580,10052,342,-2996.0
45361,109563,79740,18186,50364,29376,8835,293,-2648.0
36272,108139,97044,26762,33516,63528,41107,5926,-1585.0
48202,94843,59564,12098,46540,13024,1763,12,825.0
44332,110473,82207,19073,49976,32231,10521,370,-3007.0
35900,104584,101221,32166,9446,91775,85692,25712,371.0
46970,107083,74759,16498,50530,24229,6023,144,-1852.0
8328,12692,6446,1091,6346,100,0,0,991.0
8184,12436,6298,1063,6218,80,0,0,983.0
47819,92688,57553,11583,45608,11945,1472,9,1101.0
48325,94659,59207,11980,46534,12673,1591,5,893.0
38075,109972,93465,24363,40752,52713,28468,2913,-2795.0
44951,109500,80173,18366,50150,30023,9200,285,-2742.0
42371,110793,85720,20554,48116,37604,14561,767,-3256.0
39787,110693,90279,22639,44724,45555,21245,1595,-3266.0
45017,110650,81476,18746,50476,31000,9698,347,-2903.0
48509,97903,62605,12891,47864,14741,2175,5,320.0
46695,87412,52882,10425,43214,9668,984,1,1740.0
46801,108108,76100,16891,50854,25246,6400,143,-2098.0
46504,86986,52588,10361,43010,9578,966,4,1745.0
35660,105229,100464,30454,18204,82260,68821,16574,441.0
41321,110775,87421,21307,47000,40421,16775,1001,-3340.0
34154,56893,31322,5707,28402,2920,89,0,2876.0
47620,105078,71693,15540,50146,21547,4786,84,-1305.0
48367,96860,61592,12629,47410,14182,2040,17,470.0
35827,104731,100983,31547,12684,88299,79363,22079,532.0
44726,109396,80268,18410,50076,30192,9244,274,-2812.0
47920,91911,56633,11330,45286,11347,1339,10,1312.0
37111,109176,94773,25185,38436,56337,32304,3629,-2477.0
12434,19117,9792,1671,9558,234,1,0,1438.0
37603,109660,93849,24582,40206,53643,29248,2977,-2790.0
47551,91006,55969,11178,44870,11099,1266,9,1336.0
45743,84651,50749,9930,41918,8831,815,3,1911.0
37243,109241,94881,25264,38178,56703,32885,3827,-2381.0
41310,111246,87911,21435,47212,40699,16822,1018,-3460.0
47701,105191,71654,15500,50308,21346,4575,65,-1336.0
32576,53388,28992,5221,26658,2334,72,0,2959.0
40758,70631,40194,7534,35184,5010,263,0,2787.0
48304,105360,71279,15346,50482,20797,4396,68,-1123.0
44415,80674,47655,9211,40044,7611,586,1,2185.0
16306,25299,13071,2249,12648,423,3,0,1829.0
48444,98817,63689,13199,48184,15505,2449,26,117.0
48491,101114,66172,13873,49106,17066,2902,33,-324.0
48422,95689,60288,12276,46920,13368,1849,12,745.0
36511,108570,96129,26075,35808,60321,36954,4713,-2005.0
47060,107922,75624,16728,50880,24744,6162,112,-1966.0
46407,87025,52710,10400,43020,9690,985,3,1692.0
340,512,257,43,256,1,0,0,42.0
47334,107836,75224,16584,50944,24280,5948,114,-1862.0
38886,66505,37433,6951,33160,4273,185,0,2863.0
27860,45086,24208,4315,22526,1682,34,0,2667.0
48382,99099,64049,13299,48304,15745,2491,12,33.0
46830,107178,75085,16618,50462,24623,6254,130,-1881.0
40580,70454,40156,7537,35090,5066,274,0,2745.0
43927,79306,46637,8983,39376,7261,554,1,2275.0
45217,109505,79845,18232,50298,29547,8909,269,-2675.0
41097,110958,88169,21631,46552,41617,17854,1191,-3323.0
14770,22785,11708,2004,11392,316,1,0,1689.0
42622,110819,85084,20239,48734,36350,13351,592,-3352.0
48409,101348,66539,13988,49150,17389,3048,35,-388.0
49067,98057,62229,12735,48048,14181,1961,11,504.0
46534,108458,76977,17214,50670,26307,7118,186,-2161.0
46414,108440,77120,17278,50572,26548,7296,210,-2184.0
35753,106965,98449,28026,28742,69707,49481,8589,-789.0
35852,107387,98282,27758,30016,68266,47355,7858,-1011.0
45364,109524,79582,18111,50498,29084,8528,244,-2689.0
48782,97501,61932,12691,47718,14214,2065,20,522.0
35925,104583,101246,32221,9166,92080,86251,26025,367.0
37614,109781,93938,24606,40240,53698,29301,3044,-2835.0
32172,53240,29145,5284,26586,2559,68,0,2793.0
47418,90801,55845,11150,44790,11055,1221,4,1312.0
19390,30451,15912,2767,15222,690,7,0,2084.0
48100,105631,71811,15520,50502,21309,4627,78,-1240.0
41288,111083,87834,21434,47064,40770,16955,1014,-3395.0
48360,96949,61676,12647,47470,14206,2009,10,440.0
17184,26822,13935,2410,13410,525,2,0,1887.0
38826,66299,37267,6912,33062,4205,175,0,2882.0
45012,109992,80625,18471,50424,30201,9144,240,-2826.0
43919,110290,82484,19209,49714,32770,10862,397,-3096.0
47725,105864,72504,15763,50430,22074,5004,91,-1398.0
31656,51916,28202,5079,25930,2272,56,0,2863.0
48394,96189,60900,12454,47076,13824,2037,16,651.0
48460,95732,60274,12264,46964,13310,1804,20,738.0
37283,109459,94895,25186,38674,56221,32111,3543,-2467.0
36022,107786,97231,26935,32852,64379,42082,6106,-1468.0
47735,92997,57952,11695,45734,12218,1529,11,995.0
43616,110312,82952,19404,49480,33472,11352,432,-3148.0
46410,108826,77453,17343,50848,26605,7130,174,-2306.0
33970,56233,30792,5584,28080,2712,73,0,2945.0
44404,80072,47057,9061,39748,7309,576,0,2328.0
40992,111032,88271,21640,46702,41569,17628,1108,-3409.0
38760,66164,37186,6897,32990,4196,184,0,2885.0
46749,88650,54149,10756,43762,10387,1126,3,1492.0
18058,28189,14646,2533,14094,552,1,0,1982.0
46932,108606,76570,17019,51026,25544,6554,152,-2123.0
48785,101380,66228,13870,49236,16992,2908,23,-237.0
23194,36781,19390,3399,18386,1004,9,0,2404.0
39601,110627,90348,22679,44622,45726,21383,1693,-3357.0
47983,93315,58089,11715,45888,12201,1539,11,1042.0
35840,104752,101072,31616,12448,88624,79856,22304,544.0
35787,104868,100872,31242,14292,86580,76284,20397,549.0
29300,47758,25794,4620,23868,1926,22,0,2716.0
37732,64160,35937,6645,32004,3933,152,0,2864.0
36090,107931,97329,26981,32772,64557,42387,6304,-1493.0
42888,111012,84965,20160,48970,35995,13072,556,-3319.0
39104,67422,38201,7133,33604,4597,214,0,2750.0
48121,104506,70551,15172,50070,20481,4366,63,-1006.0
42619,111101,85532,20400,48664,36868,13773,655,-3350.0
48492,95794,60289,12259,47024,13265,1746,12,728.0
48219,100835,66163,13904,48902,17261,3031,31,-357.0
36698,61315,33839,6178,30610,3229,95,0,3044.0
38050,110164,93532,24326,41108,52424,27948,2758,-2908.0
36057,60663,33685,6184,30266,3419,131,1,2895.0
47879,92540,57338,11520,45556,11782,1428,9,1157.0
45443,81974,48178,9276,40700,7478,574,1,2371.0
47472,106633,73542,16059,50730,22812,5173,98,-1678.0
35763,104967,100769,31032,15346,85423,74275,19351,533.0
45925,108914,78218,17651,50530,27688,7854,239,-2422.0
43295,77512,45290,8679,38506,6784,500,1,2394.0
40656,70578,40217,7546,35158,5059,262,0,2749.0
38576,110568,92517,23708,42786,49731,24996,2156,-3183.0
29996,48940,26463,4746,24450,2013,40,0,2773.0
35991,107609,97737,27347,31392,66345,44825,7055,-1228.0
20606,32375,16922,2943,16186,736,3,0,2210.0
40375,110806,89040,22018,45972,43068,18862,1221,-3409.0
41107,111208,88252,21592,46952,41300,17304,1037,-3441.0
43114,110790,84344,19930,49108,35236,12574,530,-3262.0
48550,98368,63094,13026,48032,15062,2304,18,250.0
36794,108917,95899,25884,36494,59405,35929,4516,-2108.0
10886,16733,8569,1462,8366,203,1,0,1260.0
46922,107995,75910,16835,50810,25100,6375,108,-1998.0
43707,110822,83366,19493,49774,33592,11274,417,-3242.0
45468,82624,48845,9450,40990,7855,644,0,2239.0
36464,108318,96580,26450,34460,62120,39398,5452,-1724.0
12950,19925,10213,1744,9962,251,1,0,1494.0
45123,82188,48649,9418,40790,7859,608,1,2166.0
35861,107322,98216,27755,29902,68314,47518,7959,-1000.0
46522,108062,76416,17028,50664,25752,6734,162,-2152.0
46095,108675,77712,17472,50592,27120,7491,183,-2340.0
39842,111038,90401,22602,45190,45211,20658,1446,-3397.0
41189,71907,41166,7755,35802,5364,303,1,2693.0
48078,104226,70210,15065,50030,20180,4166,54,-1003.0
37011,109248,95296,25435,37982,57314,33284,3781,-2376.0
44634,110516,81802,18894,50240,31562,10036,342,-2974.0
43098,76429,44298,8429,38022,6276,385,0,2538.0
39714,110865,90666,22789,44598,46068,21669,1664,-3274.0
36045,107918,97170,26872,33108,64062,41702,6087,-1575.0
35928,104553,101327,32540,7414,93913,89725,28190,162.0
47003,107752,75521,16716,50746,24775,6260,145,-1944.0
40526,110847,88954,21993,45950,43004,18947,1296,-3360.0
46446,86281,51871,10171,42716,9155,849,0,1865.0
36758,109062,95725,25713,37172,58553,34718,4170,-2292.0
37806,64285,36007,6658,32066,3941,153,0,2870.0
47190,106307,73629,16151,50352,23277,5603,116,-1639.0
33902,56255,30868,5608,28088,2780,79,0,2907.0
35721,106591,98956,28528,26744,72212,53103,9861,-442.0
47536,90963,55901,11152,44890,11011,1183,2,1322.0
48078,106917,73334,15958,50920,22414,5077,84,-1463.0
35646,106236,99353,28968,24898,74455,56440,11158,-205.0
46427,86186,51820,10167,42638,9182,910,1,1894.0
35933,104547,101342,32623,6946,94396,90655,28777,105.0
35854,104647,101128,31868,11048,90080,82551,23872,467.0
45857,84422,50366,9810,41872,8494,678,3,1991.0
38777,110468,92047,23518,42986,49061,24496,2115,-3162.0
39054,66931,37746,7022,33360,4386,211,0,2847.0
47100,107800,75466,16690,50792,24674,6216,156,-1924.0
37034,109137,94769,25195,38368,56401,32401,3724,-2529.0
35996,60302,33356,6102,30100,3256,102,0,2948.0
43655,110447,83247,19537,49272,33975,11903,547,-3082.0
40161,69933,39948,7511,34830,5118,273,1,2665.0
48549,98004,62744,12942,47836,14908,2332,19,347.0
11212,17240,8831,1507,8620,211,0,0,1296.0
47253,106511,73747,16166,50498,23249,5515,109,-1677.0
37916,109957,93331,24255,41132,52199,27693,2714,-2965.0
31914,52365,28454,5125,26158,2296,49,0,2878.0
44174,110024,81965,19048,49642,32323,10740,398,-2933.0
46282,108775,77629,17430,50678,26951,7419,192,-2294.0
38075,110033,93169,24162,41366,51803,27301,2611,-2951.0
45031,110247,80908,18561,50450,30458,9347,319,-2869.0
45675,109072,78831,17886,50346,28485,8380,233,-2452.0
48368,95947,60596,12359,47038,13558,1871,14,658.0
43814,110962,83814,19707,49386,34428,12190,510,-3041.0
43509,77345,44903,8554,38482,6421,381,1,2513.0
34428,57268,31481,5727,28600,2881,68,0,2914.0
37008,109201,95439,25541,37632,57807,33937,3966,-2295.0
39875,110774,90041,22498,45094,44947,20586,1493,-3356.0
35648,105328,100297,30224,19250,81047,66828,15612,393.0
35731,105073,100645,30796,16514,84131,72045,18203,507.0
43818,110775,83394,19540,49548,33846,11679,476,-3103.0
28452,46006,24682,4396,22988,1694,30,0,2732.0
36551,108520,96253,26199,35312,60941,37896,5069,-1915.0
39164,110651,91105,22992,44258,46847,22135,1654,-3374.0
42245,110965,85988,20624,48232,37756,14501,725,-3356.0
42270,111276,86392,20755,48254,38138,14768,754,-3369.0
45074,110452,81245,18686,50374,30871,9704,338,-2819.0
48229,104942,70895,15248,50302,20593,4338,59,-1066.0
48334,102702,68132,14438,49636,18496,3430,46,-674.0
35870,107475,97652,27319,31390,66262,44695,7024,-1272.0
47236,89661,54810,10895,44250,10560,1161,6,1490.0
47130,106678,74054,16262,50536,23518,5606,106,-1756.0
38264,110320,93024,24018,41940,51084,26440,2424,-3050.0
48790,96270,60536,12301,47266,13270,1738,14,755.0
40038,110922,89811,22347,45540,44271,19842,1338,-3420.0
48758,102979,68075,14391,49804,18271,3371,28,-537.0
47935,92337,57085,11451,45464,11621,1409,7,1232.0
41975,111259,86955,21027,47748,39207,15763,939,-3356.0
49016,101724,66349,13873,49460,16889,2804,20,-232.0
35716,105103,100602,30705,16974,83628,71155,17722,510.0
48437,104162,69755,14898,50122,19633,3918,51,-868.0
48849,99896,64507,13389,48680,15827,2536,27,71.0
46411,108699,77347,17324,50750,26597,7199,191,-2265.0
46907,88999,54364,10796,43952,10412,1095,3,1476.0
39319,110701,91205,23050,44110,47095,22481,1663,-3227.0
48217,100641,65901,13820,48882,17019,2877,21,-343.0
47277,107012,74295,16317,50688,23607,5636,103,-1757.0
46359,86171,51836,10171,42646,9190,879,7,1853.0
48622,96726,61204,12500,47408,13796,1910,14,600.0
27808,45066,24227,4323,22516,1711,34,0,2646.0
48279,99680,64810,13523,48482,16328,2716,25,-114.0
43474,110830,83892,19740,49344,34548,12142,538,-3204.0
48735,101076,65912,13782,49132,16780,2812,25,-211.0
48366,104187,69842,14927,50122,19720,3943,56,-906.0
22922,36317,19128,3350,18156,972,5,0,2383.0
47268,90246,55403,11049,44512,10891,1222,4,1376.0
37736,109764,93840,24572,40248,53592,29268,3008,-2760.0
40001,110584,89689,22383,45080,44609,20424,1475,-3277.0
48864,99359,63925,13234,48446,15479,2467,26,196.0
36854,109020,95697,25745,36924,58773,35172,4358,-2214.0
46087,109964,79284,17940,50928,28356,8108,225,-2533.0
42936,111117,85119,20223,48900,36219,13317,606,-3285.0
48582,98129,62822,12953,47926,14896,2277,12,322.0
37562,109680,94252,24815,39614,54638,30452,3310,-2681.0
45834,109930,79566,18061,50766,28800,8398,250,-2591.0
47771,105301,71796,15555,50262,21534,4777,87,-1289.0
39759,110872,90496,22693,44834,45662,21204,1545,-3310.0
44970,109342,80017,18337,50012,30005,9318,342,-2692.0
45869,84450,50441,9842,41830,8611,790,3,2018.0
45160,82337,48786,9454,40848,7938,641,2,2155.0
44052,110908,83364,19527,49566,33798,11776,524,-3019.0
35865,107482,98013,27541,30780,67233,45922,7375,-1145.0
41260,111270,88052,21488,47176,40876,16918,976,-3446.0
43316,76698,44394,8437,38166,6228,366,0,2575.0
28684,46590,25094,4485,23278,1816,34,0,2703.0
39519,110465,90241,22635,44672,45569,21121,1527,-3340.0
47411,107175,74396,16344,50728,23668,5719,107,-1712.0
35856,104678,101068,31751,11630,89438,81418,23236,495.0
26168,42006,22393,3966,20990,1403,26,0,2589.0
35530,106057,99618,29189,24102,75516,57853,11624,-98.0
44661,109984,81237,18751,49968,31269,10048,367,-2837.0
46177,108870,77910,17533,50622,27288,7626,187,-2316.0
47567,105382,72080,15650,50260,21820,4862,77,-1385.0
35799,107099,98282,27856,29428,68854,48243,8119,-874.0
16080,24958,12899,2220,12478,421,2,0,1801.0
47887,104450,70623,15191,50100,20523,4250,49,-1131.0
41446,72499,41552,7832,36112,5440,275,0,2667.0
42324,110655,85436,20433,48274,37162,14107,706,-3328.0
35578,105940,99704,29362,23236,76468,59468,12382,-20.0
47750,104530,70888,15290,50036,20852,4458,78,-1182.0
45260,109266,79454,18103,50290,29164,8686,280,-2655.0
41154,111052,87912,21460,47064,40848,16924,982,-3446.0
43081,110715,84341,19944,49018,35323,12679,537,-3237.0
47273,106978,74317,16339,50600,23717,5778,127,-1727.0
41729,111411,87374,21160,47788,39586,15835,877,-3468.0
47969,104431,70481,15136,50146,20335,4139,57,-1117.0
35694,106293,99444,29043,24630,74814,57033,11460,-198.0
47651,89887,54691,10831,44396,10295,1095,7,1624.0
43755,110549,83093,19435,49576,33517,11397,451,-3136.0
47534,106214,73022,15910,50584,22438,5046,86,-1568.0
45202,82340,48745,9438,40862,7883,616,2,2169.0
39405,67673,38231,7123,33724,4507,225,1,2840.0
44415,79869,46810,8990,39680,7130,509,3,2366.0
42375,111351,86343,20723,48348,37995,14655,739,-3356.0
34302,57199,31516,5746,28556,2960,87,0,2873.0
48803,99438,64048,13267,48494,15554,2450,17,146.0
42508,74852,43129,8165,37268,5861,316,0,2620.0
46183,85755,51569,10119,42424,9145,907,3,1878.0
36558,108601,96146,26111,35626,60520,37349,4948,-2008.0
9764,14896,7573,1283,7448,125,0,0,1158.0
48328,104220,69935,14960,50110,19825,4000,52,-917.0
37321,109525,94562,24987,39202,55360,31121,3377,-2629.0
46591,88108,53681,10638,43534,10147,1040,5,1526.0
39274,67871,38545,7214,33806,4739,259,0,2734.0
40456,110833,89126,22077,45790,43336,19253,1322,-3328.0
44615,80740,47554,9169,40094,7460,552,1,2260.0
46849,88249,53608,10598,43628,9980,993,1,1610.0
46267,85931,51654,10128,42540,9114,851,3,1862.0
13836,21380,11003,1886,10690,313,0,0,1573.0
36248,108115,96865,26640,33890,62975,40335,5642,-1642.0
47299,105736,72887,15935,50164,22723,5408,105,-1485.0
42975,111059,84912,20136,49008,35904,13043,583,-3308.0
47615,106179,73010,15923,50482,22528,5215,87,-1477.0
47483,106773,73810,16158,50672,23138,5429,87,-1638.0
31796,52236,28419,5125,26088,2331,60,0,2854.0
47950,105337,71550,15443,50442,21108,4453,68,-1280.0
47625,106424,73249,15986,50582,22667,5260,115,-1536.0
46614,87326,52826,10409,43198,9628,930,6,1705.0
47407,105786,72695,15838,50362,22333,5062,89,-1522.0
2944,4448,2240,376,2224,16,0,0,360.0
48731,101881,66844,14046,49412,17432,3057,23,-352.0
46135,109776,78997,17846,50918,28079,7940,197,-2490.0
40632,70464,40120,7523,35102,5018,260,0,2765.0
37996,110033,93589,24385,40868,52721,28297,2794,-2833.0
48114,102040,67662,14340,49284,18378,3472,38,-604.0
48240,99408,64543,13452,48374,16169,2660,20,-77.0
36534,108585,96372,26214,35460,60912,37665,4860,-1893.0
10452,15988,8149,1384,7994,155,0,0,1229.0
48865,96870,61118,12450,47536,13582,1798,3,663.0
47591,92541,57626,11628,45484,12142,1573,11,1048.0
4152,6284,3170,533,3142,28,0,0,505.0
47096,88692,53869,10649,43844,10025,1004,4,1624.0
35628,105602,100088,29893,20818,79270,63966,14368,221.0
43427,110449,83418,19586,49320,34098,11809,487,-3190.0
37134,62837,35063,6464,31342,3721,153,0,2896.0
47515,91790,56847,11416,45198,11649,1394,5,1156.0
43993,110457,82637,19250,49774,32863,10909,373,-3077.0
37786,109908,93779,24495,40588,53191,28732,2874,-2838.0
36446,108540,96656,26436,34696,61960,39148,5498,-1874.0
47958,106448,72978,15884,50652,22326,5144,98,-1396.0
45415,109659,79776,18183,50454,29322,8751,263,-2651.0
45451,109506,79549,18113,50420,29129,8666,269,-2619.0
47117,89788,55019,10953,44320,10699,1148,7,1395.0
47062,88826,54074,10714,43864,10210,1098,6,1596.0
41321,111526,88472,21653,47026,41446,17474,1067,-3386.0
42463,111196,85900,20551,48494,37406,14208,737,-3384.0
47685,105936,72623,15800,50446,22177,5044,95,-1428.0
47676,105467,72068,15638,50308,21760,4851,90,-1361.0
44101,110359,82375,19163,49772,32603,10815,421,-3046.0
35699,106478,99089,28686,26062,73027,54354,10389,-376.0
20468,32166,16816,2925,16082,734,2,0,2193.0
47966,92200,56894,11394,45424,11470,1352,10,1266.0
48548,97999,62702,12922,47872,14830,2255,18,329.0
47219,107933,75542,16708,50836,24706,6261,143,-1880.0
32699,54396,29923,5450,27146,2777,104,1,2776.0
43894,111032,83573,19574,49702,33871,11628,470,-3139.0
43090,110794,84565,20044,48866,35699,13062,590,-3183.0
48198,104779,70728,15204,50232,20496,4315,80,-1057.0
37034,62555,34849,6415,31208,3641,139,0,2913.0
36794,62025,34490,6338,30952,3538,121,0,2921.0
37080,109115,95012,25351,37918,57094,33279,3910,-2374.0
47720,105506,71996,15597,50410,21586,4686,84,-1387.0
40076,111039,89979,22413,45480,44499,20079,1390,-3397.0
32936,54160,29488,5321,27050,2438,60,0,2943.0
37842,110055,93721,24412,40970,52751,28115,2680,-2904.0
44025,110481,82610,19240,49780,32830,10921,417,-3086.0
46362,85608,51241,10014,42398,8843,812,2,1981.0
36026,107571,97533,27239,31632,65901,44307,6896,-1251.0
47547,91260,56232,11245,44994,11238,1272,5,1274.0
48625,99735,64523,13409,48592,15931,2551,25,4.0
38759,110378,91840,23418,43172,48668,24034,1981,-3197.0
48764,100765,65571,13693,48984,16587,2797,26,-123.0
37154,109335,94986,25274,38328,56658,32679,3764,-2469.0
48507,99544,64426,13392,48500,15926,2544,13,-3.0
48086,105138,71237,15352,50362,20875,4414,58,-1167.0
35635,105734,99872,29652,21832,78040,62070,13561,121.0
45267,109160,79306,18054,50288,29018,8584,261,-2641.0
33036,54622,29880,5414,27276,2604,70,0,2880.0
36121,107915,97069,26831,33152,63917,41611,6081,-1556.0
35791,104854,100919,31300,14038,86881,76778,20641,556.0
35890,107381,98089,27629,30404,67685,46573,7548,-1031.0
40749,70689,40245,7544,35226,5019,237,1,2761.0
46549,108531,77019,17218,50730,26289,7071,181,-2181.0
10008,15364,7858,1339,7682,176,0,0,1163.0
47453,106811,73824,16153,50730,23094,5351,97,-1687.0
46809,108057,76063,16884,50822,25241,6413,125,-2069.0
48853,99912,64563,13413,48648,15915,2616,23,91.0
42511,111185,85848,20528,48528,37320,14129,691,-3354.0
41903,73544,42260,7982,36628,5632,288,1,2637.0
40254,69623,39534,7393,34710,4824,203,0,2772.0
47226,106370,73546,16095,50522,23024,5326,90,-1693.0
42541,111257,85891,20534,48578,37313,14101,681,-3359.0
35777,104874,100895,31219,14476,86419,75922,20143,579.0
46918,87851,53161,10483,43424,9737,1003,4,1745.0
24684,39412,20907,3686,19698,1209,16,0,2493.0
37384,109501,94760,25134,38716,56044,32069,3650,-2491.0
47330,89528,54568,10819,44222,10346,1084,6,1551.0
13700,21208,10933,1877,10604,329,0,0,1548.0
41903,110795,86298,20785,47886,38412,15023,775,-3379.0
42119,111042,86310,20751,48114,38196,14814,733,-3364.0
47824,92053,56829,11380,45378,11451,1297,6,1220.0
35776,104910,100782,31084,15060,85722,74790,19588,564.0
12076,18568,9511,1623,9284,227,0,0,1396.0
24088,38348,20284,3566,19172,1112,4,0,2458.0
39804,111007,90427,22617,45152,45275,20703,1438,-3393.0
48525,99227,64127,13326,48298,15829,2631,29,99.0
48204,93608,58229,11739,46024,12205,1560,8,1086.0
41093,71673,41003,7720,35686,5317,301,1,2703.0
23138,36709,19364,3397,18346,1018,17,0,2396.0
47415,92016,57189,11518,45270,11919,1476,5,1070.0
42859,110941,85026,20209,48798,36228,13345,591,-3265.0
35720,105376,100423,30334,18842,81581,67692,16012,433.0
48018,93418,58189,11743,45920,12269,1578,6,1046.0
46936,107585,75357,16666,50718,24639,6149,134,-1958.0
37607,109694,94276,24826,39596,54680,30502,3285,-2637.0
45212,109287,79520,18123,50302,29218,8683,266,-2678.0
48443,99524,64501,13428,48434,16067,2656,25,-8.0
35803,107290,98302,27788,29876,68426,47538,7873,-973.0
36367,108396,96582,26393,34806,61776,38784,5241,-1840.0
35764,104979,100770,30972,15708,85062,73563,18890,583.0
41509,111116,87262,21144,47660,39602,15796,827,-3489.0
43894,109808,81988,19080,49496,32492,10816,410,-3006.0
48624,102784,68012,14392,49672,18340,3440,32,-540.0
43657,110412,83210,19516,49324,33886,11764,455,-3061.0
35595,105469,100216,30073,19994,80222,65481,15063,269.0
36895,109122,95569,25627,37376,58193,34370,4089,-2285.0
5752,8724,4410,743,4362,48,0,0,695.0
44064,110782,83028,19384,49752,33276,11278,460,-3074.0
37370,109641,94598,24979,39322,55276,30997,3352,-2652.0
48613,103385,68668,14570,49916,18752,3553,45,-674.0
47426,90831,55876,11159,44798,11078,1235,4,1312.0
47922,106275,72812,15839,50590,22222,5095,92,-1380.0
44798,110037,80908,18580,50336,30572,9365,284,-2911.0
3600,5432,2732,458,2716,16,0,0,442.0
39000,66414,37251,6897,33120,4131,174,0,2940.0
40784,70966,40513,7613,35348,5165,270,0,2718.0
46455,108009,76501,17077,50540,25961,6929,175,-2130.0
43878,77991,45284,8629,38794,6490,403,0,2542.0
46528,108273,76756,17145,50642,26114,6989,154,-2134.0
35714,106948,98560,28087,28598,69962,49752,8638,-761.0
39680,110789,90315,22611,44964,45351,20861,1526,-3405.0
42530,111116,85831,20546,48386,37445,14344,746,-3301.0
48007,106048,72378,15688,50628,21750,4792,81,-1351.0
43198,110966,84529,19996,49082,35447,12802,586,-3235.0
27582,44595,23924,4261,22282,1642,31,0,2650.0
35781,106954,98719,28237,28016,70703,50922,9147,-691.0
48542,102868,68105,14409,49756,18349,3356,46,-630.0
46764,108516,76635,17050,50970,25665,6576,128,-2167.0
48457,96273,60874,12427,47186,13688,1901,9,631.0
36360,60840,33624,6147,30366,3258,108,0,2997.0
47592,91001,55932,11166,44868,11064,1265,10,1357.0
41064,110876,88075,21588,46622,41453,17632,1092,-3325.0
33664,55864,30662,5573,27886,2776,92,0,2889.0
1912,2872,1438,240,1436,2,0,0,238.0
48287,99515,64614,13468,48420,16194,2675,31,-82.0
35591,106411,99084,28667,26166,72918,54079,10231,-403.0
48254,103747,69503,14854,49882,19621,3983,60,-844.0
49140,99908,64240,13288,48752,15488,2404,20,184.0
29290,47761,25814,4628,23860,1954,41,0,2715.0
46888,107967,75884,16832,50776,25108,6415,166,-2027.0
7868,12008,6107,1035,6004,103,0,0,932.0
48414,97160,61846,12687,47570,14276,2020,18,413.0
48154,103499,69269,14787,49816,19453,3867,64,-863.0
37480,109630,94720,25065,39050,55670,31530,3420,-2495.0
1956,2940,1473,246,1470,3,0,0,243.0
31264,51176,27748,4988,25568,2180,40,0,2848.0
36488,108474,96235,26185,35360,60875,37754,5000,-1936.0
35915,104568,101268,32321,8610,92658,87348,26717,294.0
48263,93755,58348,11769,46082,12266,1591,7,1087.0
24512,39096,20720,3650,19540,1180,16,0,2486.0
35662,106732,98963,28443,27268,71695,52196,9494,-550.0
35684,106836,98642,28196,28108,70534,50620,8988,-706.0
35711,105177,100601,30614,17518,83083,70141,17151,521.0
43126,110634,84144,19872,49056,35088,12522,542,-3236.0
39665,110747,90640,22803,44462,46178,21823,1693,-3245.0
48461,93716,58079,11669,46144,11935,1428,7,1155.0
45868,84369,50347,9815,41804,8543,761,2,2031.0
48447,103744,69263,14759,49972,19291,3800,61,-793.0
45065,109846,80424,18422,50316,30108,9214,307,-2779.0
46721,87083,52512,10326,43068,9444,947,5,1824.0
48701,100316,65149,13586,48782,16367,2752,23,-52.0
47103,89362,54576,10836,44136,10440,1090,5,1481.0
13262,20481,10535,1805,10240,295,1,0,1511.0
43969,78987,46253,8876,39250,7003,487,1,2359.0
35668,105484,100150,30008,20252,79898,64980,14764,326.0
39094,67133,37925,7066,33454,4471,225,0,2820.0
39159,110617,91348,23134,43892,47456,22833,1755,-3244.0
29368,47670,25663,4585,23816,1847,38,0,2776.0
42495,74962,43273,8208,37298,5975,366,1,2598.0
48027,103844,69885,14992,49818,20067,4208,57,-924.0
37650,64021,35856,6629,31938,3918,145,0,2856.0
32224,53118,28979,5238,26530,2449,58,0,2847.0
38495,110400,92740,23875,42230,50510,25940,2345,-3040.0
47817,90857,55587,11057,44832,10755,1193,5,1490.0
48560,101881,67013,14111,49360,17653,3161,38,-419.0
49197,97681,61729,12596,47882,13847,1917,17,649.0
38623,110385,92250,23637,42678,49572,25029,2243,-3149.0
44135,110638,82654,19230,49928,32726,10782,365,-3079.0
41920,111143,86924,21025,47698,39226,15747,870,-3324.0
35664,106531,99091,28642,26330,72761,53871,10170,-418.0
44107,78872,46037,8814,39190,6847,492,1,2458.0
26370,42239,22469,3971,21112,1357,15,0,2629.0
47907,105169,71452,15433,50306,21146,4557,87,-1243.0
37774,64083,35824,6613,31970,3854,143,0,2902.0
41423,111198,88024,21533,46850,41174,17498,1141,-3284.0
47507,89656,54559,10804,44294,10265,1068,1,1606.0
47191,106994,74394,16360,50628,23766,5738,101,-1769.0
36864,109009,95622,25696,37068,58554,34873,4234,-2219.0
46699,108138,76398,17021,50670,25728,6798,153,-2062.0
46845,106852,74576,16445,50482,24094,5888,115,-1876.0
32904,54520,29870,5418,27232,2638,56,0,2836.0
47753,104539,70880,15282,50068,20812,4403,61,-1188.0
38724,110654,92260,23565,43130,49130,24394,2064,-3235.0
45158,82757,49234,9573,41030,8204,697,4,2062.0
44400,110148,81604,18857,50066,31538,10016,336,-3001.0
45465,82866,49094,9514,41104,7990,658,3,2179.0
36749,108972,95936,25875,36622,59314,35728,4451,-2162.0
48430,95529,60085,12215,46880,13205,1769,8,771.0
48202,95510,60239,12268,46870,13369,1770,6,663.0
12676,19494,9988,1705,9746,242,2,0,1465.0
48544,94877,59317,12008,46586,12731,1705,6,976.0
35900,104618,101185,32025,10220,90965,84178,24796,442.0
48224,104421,70255,15058,50162,20093,4097,62,-1000.0
46518,108145,76530,17065,50670,25860,6805,172,-2162.0
47513,90090,55008,10921,44490,10518,1110,3,1510.0
48381,98525,63435,13137,48048,15387,2429,25,154.0
47110,107455,75064,16574,50684,24380,6087,136,-1855.0
44880,109993,80796,18552,50280,30516,9433,338,-2869.0
36301,108314,96823,26573,34208,62615,39898,5619,-1763.0
45543,82780,48956,9476,41056,7900,668,1,2243.0
48856,97837,62184,12741,47922,14262,1993,10,462.0
47650,105811,72457,15742,50462,21995,4887,80,-1446.0
46189,107632,76294,17035,50378,25916,6876,179,-2184.0
7820,11904,6039,1021,5952,87,0,0,934.0
37026,109138,94911,25280,38142,56769,32854,3846,-2481.0
35657,106716,99021,28477,27180,71841,52356,9507,-515.0
41122,111453,88387,21600,47174,41213,17105,1036,-3544.0
47134,107452,75030,16559,50706,24324,6040,122,-1847.0
36214,108207,97181,26807,33520,63661,41167,5932,-1619.0
35929,107386,97969,27576,30482,67487,46422,7575,-1064.0
46351,107883,76378,17031,50570,25808,6743,151,-2185.0
47692,91870,56806,11398,45224,11582,1422,8,1230.0
40718,110842,88629,21846,46182,42447,18478,1218,-3341.0
10678,16385,8377,1427,8192,185,1,0,1243.0
40522,111104,89142,22012,46212,42930,18680,1214,-3452.0
44888,110278,81184,18672,50336,30848,9606,308,-2878.0
35662,105317,100338,30295,18906,81432,67505,15980,388.0
37704,109776,93661,24450,40622,53039,28532,2804,-2861.0
46454,108511,77092,17249,50690,26402,7131,192,-2214.0
42185,111412,86595,20814,48306,38289,14800,771,-3446.0
40878,111247,88712,21792,46672,42040,17903,1104,-3449.0
42556,75094,43364,8228,37360,6004,374,0,2598.0
48444,97153,61840,12688,47552,14288,2049,6,443.0
35324,59020,32579,5950,29458,3121,104,0,2933.0
48940,100501,65097,13544,48930,16167,2641,26,-8.0
42928,110678,84503,20025,48856,35647,12966,616,-3272.0
47939,105640,72033,15609,50412,21621,4816,81,-1277.0
35926,104560,101315,32448,7942,93373,88676,27518,233.0
39565,110909,90746,22788,44764,45982,21381,1573,-3386.0
37355,109615,94712,25048,39136,55576,31343,3411,-2596.0
43154,111077,84662,20021,49198,35464,12681,520,-3282.0
37847,110014,93456,24292,41160,52296,27694,2693,-3003.0
41854,73511,42286,7997,36590,5696,331,0,2632.0
35637,106177,99478,29085,24446,75032,57285,11485,-147.0
35891,104618,101177,32005,10324,90853,83970,24677,445.0
48913,102250,67088,14100,49576,17512,3098,35,-349.0
36414,61369,34119,6269,30624,3495,121,0,2895.0
35795,107208,98390,27871,29554,68836,48100,8029,-894.0
46627,108401,76745,17123,50752,25993,6897,179,-2152.0
45992,85042,50897,9937,42172,8725,698,0,1910.0
35681,105177,100501,30548,17714,82787,69749,17053,457.0
46894,108288,76387,17004,50750,25637,6788,166,-2011.0
12374,19049,9769,1669,9524,245,1,0,1425.0
35642,105649,100057,29831,21128,78929,63393,14076,219.0
46716,108522,76821,17140,50802,26019,6918,164,-2125.0
42480,111310,86124,20640,48408,37716,14494,764,-3346.0
35392,59294,32801,6001,29596,3205,102,0,2898.0
37136,109345,94850,25195,38530,56320,32285,3714,-2554.0
45101,109944,80524,18451,50342,30182,9260,299,-2770.0
35592,106199,99414,29016,24732,74682,56735,11278,-209.0
43298,111167,84523,19948,49358,35165,12451,528,-3294.0
14280,22140,11430,1965,11070,360,0,0,1605.0
48609,101034,66029,13838,49030,16999,2974,47,-234.0
43636,110800,83631,19632,49470,34161,11860,496,-3165.0
25532,40914,21774,3850,20448,1326,18,0,2542.0
48629,102718,67862,14334,49720,18142,3278,31,-561.0
3204,4840,2437,409,2420,17,0,0,392.0
7284,11064,5601,945,5532,69,0,0,876.0
47702,105513,71999,15594,50434,21565,4645,80,-1406.0
33030,54459,29716,5372,27200,2516,59,0,2915.0
40298,69823,39725,7444,34786,4939,251,0,2756.0
42189,111133,86182,20675,48314,37868,14505,749,-3437.0
40859,111193,88703,21797,46624,42079,17945,1091,-3428.0
40223,111161,89829,22324,45714,44115,19733,1375,-3433.0
35765,104971,100743,30995,15516,85227,73939,19165,542.0
48127,104208,70156,15051,50006,20150,4196,73,-976.0
45291,109903,80179,18312,50486,29693,8931,295,-2745.0
36481,108338,96087,26140,35334,60753,37670,4967,-1910.0
39595,110781,90735,22823,44532,46203,21717,1611,-3274.0
44440,79978,46905,9013,39732,7173,514,0,2354.0
47365,106316,73404,16055,50478,22926,5360,91,-1602.0
47822,104550,70819,15259,50084,20735,4382,74,-1168.0
41331,110935,87581,21345,47092,40489,16751,975,-3368.0
40140,110993,89948,22429,45322,44626,20349,1486,-3334.0
35898,104608,101215,32110,9770,91445,85068,25338,395.0
35863,107426,98151,27659,30348,67803,46730,7657,-1071.0
44996,81432,47973,9253,40428,7545,576,0,2284.0
42161,110911,85972,20621,48218,37754,14475,741,-3399.0
36625,108686,95741,25834,36478,59263,35730,4455,-2154.0
48553,101816,66923,14080,49366,17557,3084,27,-420.0
47057,107834,75616,16750,50732,24884,6370,147,-1911.0
46455,87118,52740,10398,43092,9648,934,5,1679.0
35613,106387,99072,28662,26172,72900,54043,10169,-364.0
7496,11408,5786,978,5704,82,0,0,896.0
47915,105159,71488,15453,50258,21230,4643,75,-1209.0
42679,111146,85504,20384,48704,36800,13738,669,-3347.0
47599,106471,73280,15983,50662,22618,5147,87,-1575.0
28130,45573,24486,4366,22776,1710,21,0,2677.0
38279,110309,93076,24064,41768,51308,26773,2547,-3018.0
43377,110959,84237,19866,49278,34959,12403,521,-3211.0
43666,110626,83438,19585,49366,34072,11894,514,-3107.0
45154,109068,79354,18086,50192,29162,8684,254,-2646.0
47861,93670,58556,11844,46048,12508,1574,7,903.0
22076,34924,18371,3214,17458,913,8,0,2309.0
21546,33915,17761,3095,16952,809,11,0,2297.0
45765,109233,78716,17797,50650,28066,7933,213,-2549.0
46186,108352,77163,17289,50592,26571,7168,178,-2292.0
44063,110594,82550,19182,50008,32542,10578,381,-3163.0
46644,87019,52494,10323,43050,9444,919,2,1796.0
46101,108647,77670,17457,50598,27072,7451,169,-2333.0
35694,105240,100482,30468,18156,82326,68928,16602,468.0
48254,104474,70303,15072,50174,20129,4126,58,-989.0
48322,98116,62974,13000,47948,15026,2220,14,180.0
47628,106625,73524,16073,50610,22914,5405,110,-1546.0
45259,109781,80146,18319,50378,29768,9025,271,-2695.0
42989,111298,85248,20249,49002,36246,13294,607,-3310.0
44737,110232,81465,18814,50046,31419,10140,379,-2844.0
22626,35853,18886,3308,17924,962,5,0,2351.0
42643,110263,84424,20051,48542,35882,13179,595,-3247.0
48681,95819,60160,12212,47048,13112,1723,13,810.0
4744,7172,3614,607,3586,28,0,0,579.0
48426,94845,59321,12003,46624,12697,1597,4,899.0
44147,110534,82498,19186,49880,32618,10774,417,-3075.0
35645,106325,99387,28963,24996,74391,56333,11161,-256.0
48505,96539,61073,12466,47350,13723,1839,9,573.0
45863,108192,77266,17339,50498,26768,7196,169,-2402.0
48688,97202,61686,12630,47592,14094,2018,12,542.0
48462,102047,67295,14198,49402,17893,3243,36,-488.0
47643,91336,56226,11235,45042,11184,1252,5,1298.0
48556,102005,67185,14166,49374,17811,3257,42,-430.0
45998,109604,78878,17814,50872,28006,7860,210,-2542.0
43230,111181,84805,20081,49124,35681,12933,560,-3227.0
47874,104618,70931,15305,50032,20899,4554,78,-1118.0
42883,110875,84673,20048,49058,35615,12759,559,-3367.0
39291,110692,91253,23086,43990,47263,22712,1769,-3234.0
48585,97863,62517,12868,47826,14691,2211,17,371.0
42621,75405,43625,8289,37516,6109,373,1,2552.0
45919,109546,78918,17843,50778,28140,7990,245,-2552.0
47547,90007,54890,10887,44458,10432,1091,3,1543.0
35867,104647,101092,31760,11624,89468,81399,23139,552.0
43170,77013,44858,8572,38284,6574,445,0,2443.0
44651,80662,47444,9138,40060,7384,542,1,2295.0
35795,107173,98456,27956,29176,69280,48821,8375,-878.0
48534,97472,62083,12742,47714,14369,2044,14,403.0
43554,77783,45335,8666,38674,6661,435,0,2440.0
42718,75053,43171,8162,37370,5801,313,0,2674.0
48356,95826,60510,12345,46950,13560,1926,16,695.0
35582,105683,99968,29688,21808,78160,62067,13416,179.0
32244,53002,28846,5203,26474,2372,54,0,2885.0
47272,89393,54476,10799,44158,10318,1077,2,1556.0
36629,108752,95934,25925,36318,59616,36116,4539,-2114.0
40825,111141,88784,21853,46450,42334,18241,1145,-3385.0
896,1344,672,112,672,0,0,0,112.0
35634,105852,99787,29538,22346,77441,61160,13226,31.0
38724,65826,36862,6815,32834,4028,158,0,2945.0
43599,110369,83141,19488,49354,33787,11661,479,-3117.0
44380,80005,46995,9044,39726,7269,553,2,2326.0
41974,73779,42464,8034,36724,5740,331,0,2625.0
37864,110096,93830,24470,40840,52990,28416,2768,-2872.0
44814,110017,81070,18676,50084,30986,9849,348,-2809.0
45810,109093,78448,17705,50666,27782,7761,224,-2540.0
44034,110810,83090,19406,49744,33346,11322,474,-3092.0
47337,89140,54146,10706,44056,10090,1028,7,1637.0
45104,109843,80365,18399,50336,30029,9171,314,-2773.0
47197,89738,54912,10922,44292,10620,1154,7,1449.0
48131,104238,70048,14988,50168,19880,3902,57,-1047.0
48690,102378,67487,14240,49534,17953,3310,38,-441.0
47933,94387,59311,12052,46310,13001,1767,13,805.0
47568,105807,72556,15782,50420,22136,4967,78,-1465.0
42569,111040,85704,20500,48408,37296,14224,695,-3267.0
45519,83724,49926,9722,41520,8406,684,1,1999.0
46674,108171,76398,17010,50736,25662,6699,156,-2109.0
43529,110378,83262,19536,49308,33954,11762,467,-3123.0
39193,110736,91723,23328,43478,48245,23780,2011,-3148.0
48675,102049,67104,14129,49434,17670,3181,39,-399.0
45000,81574,48093,9278,40518,7575,538,0,2241.0
46020,109475,78788,17805,50746,28042,7983,218,-2472.0
46004,85192,51076,9991,42206,8870,780,4,1897.0
37876,110024,93716,24456,40696,53020,28632,2956,-2888.0
48332,96853,61650,12656,47364,14286,2125,22,473.0
42048,111111,86578,20872,47924,38654,15263,838,-3357.0
35629,106200,99564,29136,24312,75252,57576,11603,-143.0
37833,109777,93341,24286,40966,52375,27845,2645,-2889.0
47929,92181,56881,11387,45440,11441,1301,5,1242.0
45871,108481,77757,17518,50406,27351,7669,207,-2371.0
48342,97011,61843,12714,47402,14441,2207,20,460.0
43051,76808,44735,8547,38188,6547,432,1,2431.0
47307,106662,73831,16175,50612,23219,5438,93,-1699.0
47124,87950,53073,10440,43506,9567,938,4,1807.0
46852,108054,75986,16854,50848,25138,6358,144,-2070.0
37486,109695,94262,24799,39730,54532,30235,3248,-2746.0
35478,59429,32871,6013,29664,3207,101,0,2907.0
36595,108738,95873,25890,36406,59467,35926,4509,-2160.0
39488,110679,90688,22819,44462,46226,21755,1670,-3322.0
36780,62114,34596,6367,30990,3606,134,0,2895.0
48700,102524,67646,14284,49588,18058,3348,36,-462.0
47187,108331,75995,16832,50998,24997,6335,151,-1981.0
35572,105856,99842,29487,22762,77080,60332,12668,71.0
45095,110391,81001,18583,50504,30497,9383,347,-2878.0
35884,60278,33418,6125,30086,3332,106,0,2899.0
35884,104649,101188,31977,10514,90674,83621,24478,446.0
36607,108783,95881,25874,36518,59363,35747,4427,-2169.0
47385,107911,75312,16618,50916,24396,6079,133,-1832.0
4916,7444,3757,632,3722,35,0,0,597.0
36091,107818,97365,27057,32388,64977,43042,6541,-1419.0
40927,111066,88401,21693,46644,41757,17778,1145,-3431.0
45730,109509,79141,17938,50654,28487,8201,228,-2576.0
42884,111031,84970,20167,48938,36032,13155,634,-3344.0
35584,59458,32821,5994,29678,3143,102,0,2953.0
44228,79546,46600,8942,39548,7052,450,0,2340.0
43220,110731,84058,19817,49214,34844,12303,546,-3270.0
48138,93617,58282,11755,46034,12248,1549,8,1048.0
35912,104577,101260,32271,8894,92366,86789,26370,324.0
48856,98685,63167,13022,48202,14965,2281,22,316.0
46764,108079,76179,16935,50748,25431,6583,158,-2071.0
46727,108917,77282,17275,50914,26368,7089,179,-2183.0
44816,80801,47458,9131,40130,7328,541,2,2342.0
31664,51924,28200,5077,25938,2262,48,0,2863.0
48403,96394,61058,12483,47218,13840,1958,17,584.0
44159,79122,46239,8859,39324,6915,474,1,2417.0
47470,107428,74546,16364,50908,23638,5612,114,-1776.0
48486,104589,70187,15013,50296,19891,3997,48,-929.0
47841,107235,73986,16177,50910,23076,5415,101,-1585.0
38331,110396,92979,23981,42072,50907,26252,2393,-3067.0
37476,109724,94324,24814,39764,54560,30196,3188,-2738.0
37471,109432,94183,24825,39416,54767,30600,3261,-2603.0
42110,111168,86501,20818,48094,38407,14980,766,-3375.0
8902,13597,6921,1174,6798,123,1,0,1052.0
46627,86605,52067,10211,42868,9199,869,3,1878.0
46481,108810,77373,17318,50838,26535,7134,191,-2274.0
47672,106148,72880,15872,50528,22352,5092,80,-1468.0
46250,107892,76685,17178,50302,26383,7288,218,-2135.0
45319,82412,48746,9435,40882,7864,648,1,2218.0
44973,81595,48162,9304,40500,7662,595,1,2236.0
45777,109319,78966,17903,50514,28452,8291,221,-2479.0
48689,97188,61642,12611,47618,14024,1952,7,532.0
48005,105105,71321,15396,50266,21055,4573,89,-1175.0
36098,107952,97170,26859,33186,63984,41580,5998,-1543.0
43530,110549,83462,19591,49378,34084,11793,448,-3148.0
46704,87951,53447,10574,43450,9997,1051,2,1626.0
43154,76241,44066,8367,37930,6136,381,0,2612.0
48639,100104,64919,13517,48736,16183,2632,29,-63.0
48633,102294,67373,14196,49570,17803,3154,31,-484.0
35760,104994,100655,30851,16204,84451,72586,18416,570.0
46978,106518,74066,16290,50392,23674,5734,114,-1764.0
47618,91108,56006,11179,44938,11068,1232,6,1337.0
46916,87109,52369,10272,43106,9263,897,2,1904.0
37482,63657,35620,6581,31754,3866,149,0,2864.0
37596,109961,94222,24700,40244,53978,29473,3038,-2843.0
35738,107293,98481,27857,29820,68661,47653,7780,-931.0
35716,105151,100604,30671,17182,83422,70787,17538,498.0
48368,95768,60406,12309,46958,13448,1852,16,697.0
45097,110493,81390,18754,50256,31134,9981,361,-2760.0
35874,104652,101096,31852,11080,90016,82492,23862,466.0
40278,110817,89342,22166,45688,43654,19441,1316,-3363.0
41731,72884,41737,7864,36290,5447,304,1,2720.0
46150,108378,77196,17293,50634,26562,7110,166,-2325.0
28872,46702,25065,4466,23334,1731,34,0,2769.0
47529,90474,55430,11038,44632,10798,1210,3,1447.0
36105,108090,97278,26895,33186,64092,41718,6123,-1602.0
36580,108590,96612,26387,34902,61710,38786,5248,-1785.0
41355,111290,87809,21366,47422,40387,16446,917,-3492.0
36865,108944,95176,25447,37670,57506,33604,3895,-2350.0
43175,111045,84595,20001,49184,35411,12677,543,-3276.0
36276,108016,96926,26723,33514,63412,40988,5836,-1537.0
38427,110200,92338,23698,42488,49850,25224,2205,-3133.0
46873,108012,75910,16828,50852,25058,6308,135,-2057.0
46252,86246,52033,10237,42644,9389,958,4,1802.0
47476,90404,55398,11033,44598,10800,1208,4,1437.0
48148,94017,58693,11862,46214,12479,1589,10,962.0
45650,109304,78946,17883,50594,28352,8116,238,-2591.0
48324,95464,60059,12205,46888,13171,1688,8,714.0
43597,77519,45042,8591,38538,6504,443,1,2529.0
46591,108276,76570,17061,50774,25796,6728,169,-2176.0
45281,109570,79734,18168,50460,29274,8650,267,-2723.0
47609,90605,55455,11028,44742,10713,1121,5,1431.0
39272,110502,90655,22822,44378,46277,21746,1688,-3397.0
39882,110962,90239,22562,45106,45133,20750,1582,-3403.0
36024,107737,97627,27229,31880,65747,43977,6774,-1315.0
21240,33560,17636,3083,16774,862,12,0,2233.0
45968,109411,78803,17824,50662,28141,8087,234,-2464.0
35702,105179,100555,30604,17486,83069,70207,17268,474.0
30690,50321,27330,4921,25134,2196,53,0,2778.0
46777,86397,51704,10100,42808,8896,781,1,1984.0
43963,110885,83400,19533,49602,33798,11681,471,-3055.0
45199,109798,80203,18334,50402,29801,8994,257,-2730.0
48471,97202,61884,12702,47556,14328,2090,13,451.0
47875,92811,57603,11584,45702,11901,1407,7,1083.0
36910,108985,95669,25744,36874,58795,35237,4336,-2150.0
47529,90569,55515,11057,44688,10827,1193,5,1418.0
48541,101746,66903,14089,49272,17631,3202,51,-391.0
45747,108940,78376,17696,50576,27800,7788,197,-2513.0
36187,108067,97173,26847,33264,63909,41539,6031,-1554.0
45703,84052,50138,9769,41662,8476,728,1,2020.0
36841,109015,95587,25654,37250,58337,34515,4073,-2241.0
48480,96631,61225,12516,47354,13871,1923,10,558.0
47563,106364,73277,16006,50518,22759,5328,105,-1530.0
43262,110865,84372,19953,49026,35346,12813,604,-3184.0
48631,100743,65663,13729,48952,16711,2839,35,-178.0
47845,105505,71875,15551,50444,21431,4617,73,-1336.0
24336,38754,20509,3608,19370,1139,14,0,2483.0
36070,60607,33606,6160,30252,3354,103,0,2909.0
41231,111061,87832,21429,47090,40742,16881,995,-3427.0
48612,95995,60409,12283,47120,13289,1755,6,743.0
45119,109865,80378,18400,50356,30022,9153,299,-2768.0
25358,40541,21531,3800,20262,1269,17,0,2548.0
46648,87318,52756,10380,43232,9524,854,4,1706.0
45251,110489,81074,18613,50470,30604,9549,335,-2777.0
41614,72949,41901,7915,36312,5589,325,0,2651.0
47699,92081,56996,11441,45346,11650,1389,7,1173.0
40042,110969,89930,22398,45472,44458,20025,1360,-3395.0
46051,108742,77819,17504,50614,27205,7514,189,-2376.0
46901,89261,54683,10889,44032,10651,1197,1,1434.0
36396,108366,96664,26475,34478,62186,39410,5480,-1781.0
39561,110847,90787,22834,44570,46217,21707,1657,-3333.0
36440,108461,96462,26321,34998,61464,38465,5202,-1880.0
47771,90263,54948,10880,44616,10332,1031,3,1576.0
43301,77277,45011,8599,38428,6583,421,1,2436.0
40016,111010,90064,22454,45404,44660,20202,1380,-3384.0
48584,96928,61467,12576,47478,13989,1972,12,547.0
33052,54450,29696,5367,27190,2506,70,0,2931.0
39202,110681,91663,23315,43436,48227,23809,2028,-3131.0
47362,106721,73876,16190,50612,23264,5497,96,-1673.0
35660,106774,98787,28308,27726,71061,51322,9204,-635.0
48735,103555,68729,14573,50020,18709,3515,43,-664.0
46962,89864,55246,11028,44324,10922,1216,6,1316.0
35867,104658,101136,31863,11094,90042,82470,23809,482.0
35873,104642,101126,31841,11206,89920,82230,23635,516.0
48507,103043,68388,14502,49764,18624,3515,43,-650.0
40784,110882,88528,21784,46352,42176,18178,1140,-3354.0
46408,85230,50773,9880,42266,8507,698,0,2071.0
46135,108536,77475,17396,50574,26901,7388,205,-2322.0
47330,88735,53721,10593,43884,9837,967,0,1723.0
45178,110216,80829,18547,50376,30453,9464,314,-2756.0
33056,54640,29880,5412,27288,2592,64,0,2884.0
48193,99948,65220,13650,48540,16680,2868,23,-185.0
45095,82280,48760,9447,40838,7922,604,1,2128.0
48113,103785,69695,14922,49858,19837,4069,53,-899.0
41415,110847,86877,21001,47748,39129,15351,779,-3556.0
48359,104004,69636,14868,50064,19572,3876,49,-877.0
38834,110475,92154,23584,42804,49350,24867,2172,-3071.0
48835,98406,62864,12937,48106,14758,2194,17,356.0
48051,105270,71389,15392,50426,20963,4418,69,-1222.0
47403,107297,74528,16378,50788,23740,5721,103,-1744.0
43525,110721,83824,19744,49184,34640,12353,573,-3116.0
40491,70194,39970,7498,34952,5018,290,1,2769.0
38009,110221,93733,24409,41012,52721,28197,2773,-2888.0
45576,109810,79799,18175,50548,29251,8714,248,-2610.0
47386,105527,72481,15794,50198,22283,5131,96,-1454.0
35820,104745,100981,31484,13058,87923,78629,21618,572.0
27166,43795,23430,4162,21888,1542,19,0,2639.0
44759,80796,47488,9140,40136,7352,524,1,2311.0
39879,110804,90061,22502,45110,44951,20584,1501,-3366.0
48552,96859,61432,12572,47432,14000,1995,14,553.0
47466,91473,56505,11318,45102,11403,1269,4,1180.0
44058,110620,82730,19269,49846,32884,10928,414,-3101.0
47632,92302,57306,11533,45414,11892,1474,12,1103.0
38000,64806,36397,6747,32312,4085,182,0,2844.0
40358,110921,89237,22090,45934,43303,19053,1256,-3416.0
41824,73716,42510,8054,36696,5814,324,0,2564.0
29110,47279,25464,4551,23622,1842,35,0,2744.0
42986,111500,85550,20354,48976,36574,13548,646,-3318.0
40190,111055,90057,22478,45246,44811,20563,1516,-3286.0
47029,88794,54029,10695,43888,10141,1018,3,1569.0
22354,35349,18594,3254,17664,930,21,0,2345.0
44900,109897,80661,18506,50286,30375,9325,298,-2842.0
47428,106400,73420,16052,50528,22892,5344,108,-1604.0
43824,110828,83307,19480,49734,33573,11360,444,-3177.0
46409,108274,76818,17163,50658,26160,6958,171,-2210.0
46144,84897,50668,9878,42068,8600,761,2,2037.0
48521,95745,60225,12243,46992,13233,1761,13,758.0
48648,97520,62104,12756,47672,14432,2176,24,476.0
42390,111080,86008,20618,48308,37700,14464,682,-3300.0
37103,109387,95208,25366,38220,56988,32947,3767,-2442.0
44841,110409,81467,18781,50248,31219,9913,357,-2882.0
47749,91830,56664,11344,45264,11400,1302,7,1239.0
37338,109437,94738,25133,38678,56060,32081,3648,-2494.0
48123,101719,67257,14220,49194,18063,3331,47,-559.0
39384,67608,38184,7113,33690,4494,228,0,2847.0
46489,108255,76660,17097,50738,25922,6779,157,-2203.0
48573,100381,65295,13627,48828,16467,2725,25,-140.0
46610,108884,77456,17358,50764,26692,7356,198,-2176.0
47355,89796,54832,10887,44342,10490,1112,5,1504.0
35852,60230,33404,6126,30052,3352,126,0,2900.0
41452,72390,41436,7802,36060,5376,270,0,2696.0
20254,31801,16613,2888,15898,715,5,0,2178.0
48087,104906,71007,15297,50232,20775,4442,73,-1109.0
29586,48015,25843,4616,23990,1853,35,0,2798.0
48175,105445,71531,15435,50452,21079,4541,71,-1174.0
48661,103129,68357,14484,49810,18547,3509,41,-595.0
43882,110659,83050,19397,49718,33332,11223,412,-3124.0
47655,91808,56734,11373,45230,11504,1348,9,1208.0
42392,111103,86008,20613,48338,37670,14427,686,-3316.0
46293,108550,77289,17314,50694,26595,7162,163,-2282.0
34718,57917,31929,5825,28908,3021,101,0,2905.0
35646,105841,99787,29511,22508,77279,60825,12976,81.0
38552,110332,92672,23877,42082,50590,26168,2440,-2985.0
48891,103544,68601,14531,50016,18585,3512,41,-583.0
