N0,N1,N2,Volume,Enclosing_surface,Contact_surface,TETRAVOXEL,OCTOVOXEL,MISC_Async
764,1346,778,148,668,110,10,0,48.0
861,1889,1283,277,904,379,81,1,-22.0
910,1865,1209,252,906,303,53,0,2.0
776,1965,1534,376,812,722,341,26,-31.0
722,1936,1692,475,534,1158,868,182,3.0
56,84,42,7,42,0,0,0,7.0
733,1953,1676,461,586,1090,781,157,-5.0
432,664,340,58,332,8,0,0,50.0
400,632,332,58,316,16,0,0,42.0
834,1657,1050,215,810,240,37,0,12.0
772,1542,990,206,744,246,54,0,14.0
795,1888,1371,314,858,513,172,9,-36.0
794,2000,1504,352,896,608,208,6,-54.0
834,1575,959,190,778,181,19,0,28.0
763,1971,1567,391,788,779,395,39,-32.0
780,1942,1470,349,846,624,250,16,-41.0
818,1792,1223,266,850,373,92,2,-17.0
718,1946,1689,466,582,1107,782,146,-5.0
732,1952,1613,420,706,907,540,80,-27.0
853,1883,1296,284,888,408,107,1,-18.0
733,1950,1701,484,498,1203,954,235,0.0
729,1957,1628,425,706,922,545,73,-25.0
747,1959,1601,412,730,871,499,63,-23.0
542,919,514,95,458,56,3,0,42.0
734,1293,745,141,644,101,5,0,45.0
802,1919,1403,323,868,535,183,8,-37.0
486,789,425,76,394,31,1,0,46.0
862,1843,1232,263,886,346,71,0,-12.0
722,1941,1671,458,594,1077,753,140,-6.0
850,1751,1135,236,854,281,43,0,-2.0
200,308,158,27,154,4,0,0,23.0
771,1991,1535,369,856,679,279,23,-54.0
734,1343,798,155,666,132,11,0,34.0
498,801,428,76,400,28,1,0,49.0
881,1743,1103,226,850,253,43,1,15.0
888,1924,1302,281,918,384,88,0,-15.0
704,1224,700,132,608,92,8,0,48.0
831,1776,1188,254,852,336,72,1,-11.0
842,1631,1017,206,798,219,35,0,22.0
794,1517,932,186,748,184,21,0,23.0
830,1613,1001,201,796,205,21,0,17.0
786,1944,1457,343,856,601,232,18,-44.0
364,582,310,55,290,20,2,0,37.0
848,1844,1244,267,886,358,72,0,-19.0
674,1131,627,115,564,63,3,0,55.0
666,1157,662,125,574,88,9,0,46.0
754,1341,780,149,666,114,9,0,44.0
737,1936,1596,415,702,894,532,71,-18.0
814,1835,1286,287,850,436,135,8,-22.0
826,1591,983,197,784,199,23,0,21.0
823,1845,1276,280,872,404,101,3,-26.0
164,248,125,21,124,1,0,0,20.0
729,1944,1712,492,472,1240,1000,247,5.0
733,1958,1582,398,776,806,406,39,-41.0
787,1957,1469,345,868,601,221,11,-46.0
84,128,65,11,64,1,0,0,10.0
280,448,238,42,224,14,0,0,28.0
818,1805,1224,263,870,354,65,0,-26.0
748,1400,849,168,690,159,20,0,29.0
766,1940,1480,353,842,638,256,18,-47.0
830,1523,908,177,754,154,15,0,38.0
886,1833,1195,250,890,305,53,0,-2.0
783,1944,1485,357,828,657,288,21,-33.0
827,1727,1134,239,834,300,59,3,-5.0
897,1929,1297,279,920,377,89,5,-14.0
869,1755,1132,236,848,284,59,1,10.0
819,1843,1288,286,860,428,123,3,-22.0
725,1947,1685,464,586,1099,775,141,-1.0
826,1675,1077,223,816,261,43,0,5.0
773,1981,1527,367,852,675,277,17,-48.0
773,1922,1480,359,806,674,310,23,-28.0
822,1757,1177,252,842,335,73,0,-10.0
696,1188,668,124,592,76,4,0,52.0
821,1849,1297,290,854,443,141,9,-21.0
773,1919,1481,361,796,685,327,29,-26.0
302,489,263,47,244,19,1,0,29.0
728,1942,1716,498,444,1272,1054,276,4.0
759,1731,1224,275,798,426,135,7,-23.0
820,1913,1364,307,886,478,141,6,-36.0
684,1178,666,124,588,78,2,0,48.0
792,1898,1388,320,856,532,186,12,-38.0
851,1800,1189,251,872,317,56,1,-11.0
886,1799,1160,241,874,286,51,0,6.0
750,1955,1579,402,746,833,463,60,-28.0
811,1856,1318,297,854,464,148,5,-24.0
462,757,411,74,378,33,1,0,42.0
684,1172,661,123,584,77,4,0,50.0
807,1815,1276,286,836,440,143,7,-18.0
732,1947,1701,482,510,1191,927,214,4.0
628,1072,601,111,536,65,0,0,46.0
725,1923,1547,389,760,787,403,45,-40.0
805,1868,1330,299,866,464,136,3,-32.0
52,80,41,7,40,1,0,0,6.0
772,1950,1488,355,846,642,258,16,-45.0
748,1975,1580,396,784,796,407,50,-43.0
492,784,415,73,392,23,0,0,50.0
730,1944,1710,490,480,1230,984,238,6.0
866,1820,1201,254,878,323,64,2,-7.0
755,1963,1583,402,754,829,455,55,-27.0
664,1118,621,114,558,63,2,0,53.0
68,104,53,9,52,1,0,0,8.0
734,1321,775,149,656,119,9,0,39.0
763,1964,1523,368,838,685,288,17,-46.0
769,1843,1358,316,820,538,203,13,-32.0
790,1954,1482,354,840,642,274,22,-36.0
728,1944,1721,498,454,1267,1036,260,7.0
809,1965,1467,345,864,603,237,13,-34.0
838,1543,924,181,762,162,19,0,38.0
859,1876,1271,274,898,373,80,1,-20.0
776,1392,812,155,694,118,4,0,41.0
745,1960,1625,426,694,931,572,83,-16.0
676,1156,651,121,576,75,4,0,50.0
812,1766,1190,255,850,340,66,0,-19.0
817,1919,1386,317,870,516,179,13,-33.0
877,1825,1195,251,884,311,57,1,-4.0
729,1943,1724,508,400,1324,1143,325,2.0
889,1707,1053,211,840,213,27,1,24.0
837,1791,1202,258,856,346,79,1,-10.0
846,1693,1073,219,832,241,29,0,7.0
726,1948,1658,445,646,1012,656,98,-9.0
863,1718,1093,225,836,257,46,1,13.0
732,1300,755,144,646,109,8,0,43.0
756,1922,1490,362,808,682,306,24,-38.0
845,1705,1095,227,828,267,49,1,8.0
776,1450,875,172,718,157,14,0,29.0
634,1133,660,126,564,96,5,0,35.0
884,1616,959,186,802,157,12,0,41.0
862,1759,1136,236,856,280,47,0,3.0
822,1479,866,166,736,130,7,0,43.0
644,1108,627,117,552,75,4,0,46.0
352,564,300,53,282,18,0,0,35.0
800,1969,1498,360,836,662,297,26,-31.0
834,1864,1302,290,864,438,136,6,-18.0
776,1366,789,150,678,111,10,0,49.0
724,1935,1663,456,590,1073,755,142,-4.0
813,1645,1061,221,796,265,53,1,8.0
837,1559,942,186,768,174,23,1,34.0
56,84,42,7,42,0,0,0,7.0
660,1120,627,116,558,69,4,0,51.0
834,1860,1291,285,872,419,116,2,-20.0
729,1943,1726,510,392,1334,1159,333,2.0
844,1492,865,165,740,125,12,0,52.0
821,1801,1221,263,864,357,73,1,-22.0
854,1901,1305,284,906,399,89,0,-26.0
728,1947,1688,470,556,1132,835,174,-1.0
729,1947,1714,495,458,1256,1031,269,1.0
442,701,370,65,350,20,1,0,46.0
738,1946,1574,398,760,814,426,42,-32.0
844,1799,1210,261,854,356,91,2,-6.0
905,1919,1281,274,918,363,83,1,-7.0
730,1255,709,132,626,83,3,0,52.0
220,340,175,30,170,5,0,0,25.0
192,296,152,26,148,4,0,0,22.0
852,1654,1032,209,810,222,34,0,21.0
204,312,159,27,156,3,0,0,24.0
292,452,233,40,226,7,0,0,33.0
544,892,484,87,446,38,0,0,49.0
728,1942,1707,487,492,1215,958,224,6.0
824,1838,1269,278,870,399,98,0,-23.0
674,1153,648,120,576,72,1,0,49.0
755,1954,1553,387,784,769,386,37,-33.0
724,1934,1662,455,594,1068,746,136,-3.0
720,1218,679,125,608,71,2,0,56.0
632,1048,574,104,524,50,0,0,54.0
826,1810,1240,271,854,386,102,2,-15.0
836,1538,916,178,764,152,10,0,36.0
796,1430,840,162,708,132,14,0,44.0
763,1972,1545,378,822,723,328,25,-42.0
797,1985,1519,366,842,677,301,25,-35.0
866,1868,1261,272,890,371,88,2,-13.0
720,1240,702,131,618,84,4,0,51.0
816,1470,863,166,730,133,10,0,43.0
612,1004,545,98,502,43,0,0,55.0
454,737,397,71,368,29,1,0,43.0
850,1755,1145,240,850,295,55,0,0.0
760,1937,1473,349,852,621,233,14,-53.0
726,1297,755,144,646,109,5,0,40.0
840,1706,1097,227,832,265,42,0,4.0
816,1504,900,176,744,156,16,0,36.0
828,1931,1364,303,910,454,111,2,-42.0
748,1408,853,168,698,155,12,0,25.0
741,1931,1553,392,754,799,423,45,-29.0
800,1482,893,176,730,163,22,0,35.0
538,915,513,95,456,57,3,0,41.0
847,1839,1241,267,880,361,79,3,-18.0
821,1871,1317,294,870,447,131,5,-27.0
706,1245,718,136,620,98,5,0,43.0
831,1923,1357,302,902,455,119,3,-37.0
838,1891,1321,293,884,437,123,4,-25.0
756,1920,1502,369,790,712,340,28,-31.0
618,1049,586,108,524,62,1,0,47.0
723,1948,1664,448,640,1024,668,101,-9.0
753,1949,1527,374,810,717,329,29,-43.0
752,1328,766,145,662,104,4,0,45.0
726,1944,1700,481,514,1186,916,210,1.0
742,1961,1619,420,718,901,525,64,-20.0
774,1980,1564,389,794,770,392,42,-31.0
822,1887,1333,298,878,455,131,4,-30.0
893,1709,1055,212,838,217,33,1,27.0
817,1937,1400,319,886,514,165,9,-39.0
735,1944,1618,424,692,926,560,73,-15.0
814,1625,1031,211,796,235,33,0,9.0
634,1105,630,118,552,78,1,0,41.0
825,1677,1084,226,812,272,53,1,6.0
729,1944,1725,509,396,1329,1152,331,1.0
650,1167,683,131,580,103,7,0,35.0
842,1725,1118,233,838,280,49,0,2.0
873,1757,1126,233,854,272,49,1,9.0
666,1137,638,118,568,70,1,0,49.0
833,1805,1224,265,858,366,89,1,-13.0
733,1953,1617,421,708,909,537,73,-24.0
884,1742,1094,222,856,238,30,0,14.0
815,1763,1191,257,840,351,83,3,-14.0
823,1828,1256,274,868,388,92,1,-23.0
838,1745,1143,240,846,297,53,0,-4.0
724,1935,1659,454,594,1065,747,142,-6.0
833,1695,1091,226,826,265,43,1,3.0
794,1471,883,173,728,155,15,0,33.0
727,1941,1717,497,452,1265,1037,263,6.0
604,1044,593,111,520,73,4,0,42.0
860,1670,1040,210,820,220,30,0,20.0
880,1798,1157,239,880,277,38,0,0.0
795,1899,1379,315,868,511,163,7,-40.0
737,1975,1628,419,742,886,491,53,-29.0
866,1859,1253,271,880,373,99,8,-11.0
726,1942,1708,491,470,1238,1002,254,1.0
803,1823,1282,286,848,434,127,3,-24.0
128,192,96,16,96,0,0,0,16.0
789,1852,1355,316,814,541,224,23,-24.0
814,1905,1375,314,866,509,173,8,-30.0
896,1860,1220,257,898,322,64,0,-1.0
878,1681,1045,212,818,227,45,0,30.0
816,1496,888,172,744,144,8,0,36.0
626,1101,636,121,546,90,9,0,40.0
849,1881,1296,284,888,408,105,1,-20.0
728,1948,1702,480,524,1178,900,200,2.0
763,1918,1483,361,800,683,318,29,-33.0
624,1038,571,104,518,53,2,0,53.0
831,1877,1314,292,876,438,125,3,-24.0
836,1662,1052,215,814,238,34,0,11.0
799,1938,1447,341,848,599,242,17,-33.0
723,1954,1656,442,660,996,634,97,-17.0
928,1726,1037,203,856,181,14,0,36.0
846,1453,819,152,726,93,1,0,60.0
822,1571,964,192,776,188,19,0,23.0
731,1958,1616,418,724,892,510,65,-29.0
731,1953,1641,435,672,969,609,91,-16.0
768,1954,1534,378,800,734,354,28,-30.0
808,1936,1419,327,876,543,184,4,-36.0
742,1341,787,151,668,119,5,0,37.0
849,1931,1352,300,904,448,123,5,-30.0
714,1941,1669,455,608,1061,725,132,-13.0
729,1950,1675,458,602,1073,746,135,-4.0
744,1963,1626,424,708,918,547,70,-17.0
566,959,536,99,478,58,3,0,44.0
823,1844,1280,282,868,412,108,1,-23.0
730,1962,1666,447,650,1016,662,106,-13.0
822,1483,870,167,738,132,7,0,42.0
813,1609,1021,210,782,239,45,1,15.0
846,1595,970,192,788,182,19,0,29.0
908,1772,1111,226,866,245,40,0,21.0
236,364,187,32,182,5,0,0,27.0
658,1135,645,121,564,81,7,0,47.0
408,652,346,61,326,20,0,0,41.0
770,1327,751,140,662,89,3,0,54.0
771,1929,1457,344,850,607,229,11,-45.0
768,1336,762,143,666,96,4,0,51.0
852,1822,1225,264,866,359,90,4,-9.0
811,1752,1181,254,838,343,76,1,-14.0
444,692,359,62,346,13,0,0,49.0
788,1484,903,179,732,171,20,0,28.0
895,1844,1198,250,896,302,52,1,-1.0
729,1940,1696,481,506,1190,928,215,4.0
738,1307,755,143,652,103,3,0,43.0
738,1283,731,137,640,91,3,0,49.0
840,1758,1159,245,848,311,62,0,-4.0
840,1836,1250,271,874,376,88,0,-17.0
806,1497,899,176,742,157,13,0,32.0
820,1909,1374,313,870,504,169,6,-28.0
852,1968,1400,315,910,490,148,4,-31.0
272,412,208,35,206,2,0,0,33.0
827,1939,1390,314,896,494,147,3,-36.0
736,1949,1608,419,702,906,545,82,-24.0
845,1840,1260,276,864,396,112,3,-11.0
764,1466,902,180,724,178,18,0,20.0
827,1832,1262,277,862,400,108,5,-20.0
741,1919,1512,373,786,726,347,33,-39.0
752,1382,821,159,688,133,6,0,32.0
727,1940,1643,442,634,1009,672,117,-12.0
814,1621,1027,210,794,233,33,0,10.0
729,1951,1664,449,634,1030,683,109,-7.0
820,1528,921,181,756,165,16,0,32.0
826,1851,1277,279,880,397,91,0,-27.0
738,1969,1663,447,644,1019,681,124,-15.0
840,1722,1117,233,836,281,50,0,2.0
843,1744,1141,240,842,299,60,1,0.0
717,1943,1602,410,744,858,455,41,-34.0
820,1789,1229,270,838,391,113,2,-10.0
136,204,102,17,102,0,0,0,17.0
770,1279,703,128,638,65,3,0,66.0
100,152,77,13,76,1,0,0,12.0
824,1942,1392,314,900,492,142,4,-40.0
741,1935,1575,404,726,849,483,61,-23.0
826,1673,1078,224,812,266,49,0,7.0
268,424,223,39,212,11,0,0,28.0
852,1891,1304,286,892,412,107,2,-21.0
734,1935,1603,420,686,917,563,84,-18.0
814,1850,1295,287,868,427,114,2,-28.0
837,1852,1276,280,872,404,108,3,-19.0
723,1907,1567,405,704,863,499,63,-22.0
818,1473,864,166,732,132,9,0,43.0
672,1104,602,109,550,52,4,0,61.0
891,1784,1137,234,870,267,44,1,10.0
750,1351,794,153,670,124,11,0,40.0
48,72,36,6,36,0,0,0,6.0
854,1745,1131,236,846,285,53,0,4.0
356,572,305,54,286,19,0,0,35.0
731,1945,1708,487,494,1214,957,223,7.0
826,1553,946,188,764,182,25,0,31.0
522,845,454,81,422,32,1,0,50.0
822,1547,940,186,764,176,19,0,29.0
786,1485,906,180,732,174,21,0,27.0
747,1966,1602,409,750,852,466,49,-26.0
745,1929,1552,393,746,806,437,49,-25.0
840,1883,1309,289,884,425,115,2,-23.0
734,1955,1610,415,730,880,495,56,-26.0
752,1427,877,176,698,179,31,2,26.0
508,820,439,78,410,29,0,0,49.0
863,1670,1039,210,818,221,34,1,22.0
749,1938,1530,378,792,738,354,31,-37.0
867,1744,1125,235,840,285,64,1,13.0
849,1767,1159,244,854,305,59,1,-3.0
360,568,298,52,284,14,0,0,38.0
847,1849,1264,276,872,392,105,3,-14.0
853,1815,1218,262,864,354,87,1,-6.0
810,1503,905,178,742,163,19,0,34.0
890,1767,1115,227,868,247,31,0,11.0
815,1848,1282,281,878,404,92,1,-32.0
841,1916,1351,302,890,461,136,3,-26.0
762,1405,840,164,696,144,13,0,33.0
818,1848,1289,285,868,421,112,2,-26.0
727,1957,1696,469,578,1118,801,155,-3.0
540,890,486,88,444,42,2,0,48.0
838,1525,901,174,758,143,9,0,40.0
822,1581,977,196,778,199,25,0,22.0
793,1667,1099,232,806,293,55,1,-7.0
764,1928,1491,361,816,675,296,16,-34.0
828,1688,1097,230,814,283,60,0,7.0
761,1947,1548,386,780,768,387,29,-24.0
384,608,320,56,304,16,0,0,40.0
785,1880,1363,310,866,497,148,3,-42.0
728,1939,1706,493,454,1252,1031,270,2.0
40,60,30,5,30,0,0,0,5.0
794,1921,1426,333,854,572,213,8,-34.0
837,1745,1149,243,840,309,65,1,-2.0
831,1797,1214,262,856,358,85,3,-14.0
80,124,64,11,62,2,0,0,9.0
292,452,233,40,226,7,0,0,33.0
850,1609,980,194,796,184,17,0,27.0
56,84,42,7,42,0,0,0,7.0
783,1928,1455,346,834,621,260,21,-36.0
798,1952,1462,345,854,608,244,18,-37.0
850,1784,1185,253,852,333,80,2,-2.0
869,1823,1198,252,884,314,55,1,-8.0
562,947,527,97,472,55,3,0,45.0
729,1943,1724,506,412,1312,1119,309,4.0
785,1904,1407,327,852,555,200,11,-39.0
748,1941,1557,393,756,801,429,50,-29.0
822,1699,1106,231,826,280,47,0,-2.0
280,440,230,40,220,10,0,0,30.0
868,1856,1249,269,884,365,88,0,-8.0
784,1554,983,201,760,223,34,0,12.0
815,1714,1139,243,820,319,74,1,-3.0
826,1675,1077,223,816,261,43,0,5.0
674,1137,632,116,568,64,1,0,53.0
752,1961,1537,375,824,713,313,22,-47.0
727,1952,1667,453,616,1051,720,133,-11.0
730,1950,1703,479,532,1171,886,190,4.0
294,477,257,46,238,19,1,0,28.0
769,1934,1490,361,814,676,306,27,-36.0
730,1968,1617,414,750,867,468,50,-35.0
764,1967,1532,372,832,700,303,18,-43.0
120,184,94,16,92,2,0,0,14.0
718,1251,716,135,622,94,7,0,48.0
764,1921,1470,352,828,642,265,14,-39.0
874,1908,1307,286,898,409,112,2,-13.0
848,1979,1420,322,908,512,163,6,-33.0
140,212,107,18,106,1,0,0,17.0
816,1590,989,199,784,205,22,0,16.0
654,1115,626,116,556,70,3,0,49.0
846,1621,1001,201,796,205,29,0,25.0
468,764,413,74,382,31,0,0,43.0
855,1867,1273,277,884,389,99,3,-16.0
858,1876,1275,276,894,381,88,2,-19.0
841,1870,1294,285,878,416,114,3,-20.0
813,1653,1067,222,802,265,49,1,5.0
723,1950,1658,444,652,1006,646,97,-13.0
836,1706,1102,229,830,272,46,0,3.0
844,1630,1008,202,804,204,22,0,20.0
804,1917,1403,324,862,541,193,10,-34.0
793,1925,1430,334,856,574,213,9,-36.0
855,1794,1187,252,862,325,70,1,-4.0
372,588,309,54,294,15,0,0,39.0
811,1990,1499,355,868,631,254,13,-35.0
828,1780,1207,262,842,365,96,0,-7.0
876,1856,1223,257,904,319,48,0,-14.0
440,724,394,71,362,32,0,0,39.0
522,849,458,82,424,34,1,0,49.0
729,1944,1728,511,390,1338,1164,335,2.0
850,1816,1217,261,868,349,80,2,-10.0
480,764,404,71,382,22,0,0,49.0
828,1604,993,199,792,201,20,0,18.0
813,1891,1348,303,878,470,135,1,-33.0
762,1949,1551,390,762,789,425,52,-26.0
780,1392,811,155,692,119,8,0,44.0
745,1939,1541,382,790,751,359,25,-35.0
424,676,358,63,338,20,0,0,43.0
872,1905,1309,288,890,419,125,6,-12.0
859,1764,1145,239,856,289,52,1,1.0
730,1945,1666,455,602,1064,741,136,-4.0
786,1616,1051,220,782,269,52,2,1.0
844,1900,1322,292,892,430,116,4,-26.0
734,1946,1656,448,624,1032,698,118,-4.0
816,1939,1415,326,874,541,191,10,-34.0
384,596,308,53,298,10,0,0,43.0
824,1864,1305,290,870,435,124,4,-25.0
760,1917,1468,352,824,644,269,18,-41.0
791,1959,1460,340,880,580,199,7,-48.0
826,1687,1091,227,820,271,47,0,3.0
771,1889,1423,338,818,605,253,19,-33.0
863,1862,1247,266,898,349,66,1,-18.0
232,352,178,30,176,2,0,0,28.0
793,1942,1454,342,856,598,230,11,-37.0
797,1899,1368,309,882,486,135,1,-43.0
862,1671,1036,208,824,212,23,0,19.0
730,1945,1673,460,586,1087,773,148,-2.0
902,1731,1068,214,852,216,27,0,25.0
328,516,270,47,258,12,0,0,35.0
778,1931,1471,352,830,641,271,16,-34.0
838,1717,1115,233,832,283,53,0,3.0
793,1958,1469,346,862,607,234,15,-42.0
888,1796,1160,242,868,292,60,0,10.0
731,1968,1634,427,706,928,556,85,-30.0
863,1792,1172,246,868,304,56,1,-3.0
791,1945,1458,343,858,600,229,11,-39.0
682,1195,687,130,594,93,7,0,44.0
852,1985,1417,319,920,497,145,2,-35.0
727,1948,1665,452,618,1047,712,125,-8.0
852,1889,1301,285,892,409,105,2,-21.0
752,1960,1575,397,768,807,424,44,-30.0
348,568,307,55,284,23,0,0,32.0
852,1724,1111,231,836,275,52,0,8.0
821,1673,1089,229,804,285,65,1,8.0
798,1517,927,184,750,177,17,0,24.0
781,1961,1511,366,826,685,309,25,-35.0
729,1945,1722,503,426,1296,1093,297,3.0
768,1944,1511,368,814,697,316,20,-33.0
816,1701,1118,236,820,298,61,2,-3.0
771,1928,1477,356,818,659,292,25,-36.0
766,1377,809,156,682,127,13,0,42.0
774,1445,875,173,712,163,21,0,31.0
304,472,244,42,236,8,0,0,34.0
801,1949,1466,348,844,622,261,17,-30.0
718,1933,1668,460,576,1092,781,156,-7.0
742,1949,1609,420,698,911,553,80,-18.0
809,1795,1233,269,852,381,91,1,-22.0
798,1489,899,177,736,163,17,0,31.0
799,1897,1375,314,866,509,165,7,-37.0
855,1788,1186,253,854,332,80,1,0.0
885,1778,1139,236,862,277,54,3,10.0
890,1745,1092,221,858,234,29,0,16.0
848,1708,1094,226,832,262,44,0,8.0
340,536,281,49,268,13,0,0,36.0
740,1946,1639,439,644,995,658,108,-6.0
828,1486,872,168,736,136,14,0,46.0
748,1939,1558,393,758,800,423,42,-26.0
770,1921,1471,354,818,653,285,20,-34.0
726,1960,1661,445,652,1009,656,110,-18.0
844,1506,878,168,748,130,10,0,48.0
724,1942,1648,442,644,1004,654,104,-12.0
744,1942,1507,363,836,671,270,16,-54.0
748,1950,1557,388,786,771,378,28,-33.0
816,1522,919,181,752,167,18,0,32.0
328,508,262,45,254,8,0,0,37.0
825,1785,1214,264,844,370,97,1,-10.0
678,1159,652,121,578,74,3,0,50.0
812,1811,1252,275,854,398,103,2,-22.0
782,1591,1024,212,776,248,39,0,3.0
856,1837,1241,269,868,373,101,6,-9.0
840,1819,1227,264,870,357,79,2,-16.0
412,656,347,61,328,19,0,0,42.0
727,1936,1700,487,478,1222,980,241,4.0
736,1965,1635,427,708,927,549,70,-21.0
616,1038,577,106,518,59,2,0,49.0
737,1960,1663,450,626,1037,708,131,-10.0
842,1731,1129,237,836,293,59,0,3.0
887,1893,1280,278,892,388,109,3,-4.0
734,1928,1566,397,750,816,428,34,-25.0
743,1939,1526,375,802,724,335,31,-45.0
836,1552,933,183,768,165,16,0,34.0
786,1411,827,159,700,127,11,0,43.0
789,1954,1484,355,838,646,278,23,-36.0
793,1881,1363,311,860,503,161,5,-36.0
813,1922,1401,323,864,537,194,11,-31.0
810,1884,1354,308,860,494,164,6,-28.0
732,1964,1642,432,692,950,580,84,-22.0
832,1560,944,186,772,172,16,0,30.0
816,1887,1353,308,858,495,171,10,-26.0
874,1827,1199,252,886,313,55,0,-6.0
835,1936,1380,311,894,486,148,5,-32.0
865,1813,1194,252,876,318,61,1,-6.0
849,1747,1131,235,852,279,43,1,-2.0
806,1535,942,188,756,186,23,0,25.0
478,761,403,71,380,23,1,0,49.0
891,1817,1185,250,870,315,77,3,9.0
736,1240,690,127,618,72,4,0,59.0
756,1948,1535,379,796,739,356,32,-36.0
744,1963,1636,431,686,950,591,86,-14.0
280,432,222,38,216,6,0,0,32.0
792,1920,1408,324,872,536,176,8,-44.0
842,1733,1132,238,836,296,61,0,3.0
870,1876,1270,275,890,380,96,2,-11.0
786,1876,1380,321,834,546,208,14,-31.0
788,1915,1408,324,872,536,171,2,-43.0
835,1913,1357,306,878,479,157,11,-27.0
756,1274,710,131,634,76,6,0,61.0
858,1839,1227,261,888,339,63,0,-15.0
858,1701,1072,218,836,236,29,0,11.0
874,1777,1144,237,866,278,45,0,4.0
829,1849,1272,278,876,396,97,5,-26.0
772,1412,839,163,700,139,12,0,36.0
164,252,129,22,126,3,0,0,19.0
867,1726,1096,225,842,254,42,1,12.0
792,1460,874,171,722,152,16,0,35.0
812,1929,1400,321,874,526,181,14,-38.0
584,976,538,98,488,50,0,0,48.0
782,1912,1445,344,826,619,260,14,-29.0
727,1945,1675,460,590,1085,765,143,-3.0
898,1900,1265,270,910,355,80,2,-7.0
726,1937,1668,460,576,1092,785,156,-3.0
790,1850,1345,310,830,515,190,10,-25.0
783,1981,1501,354,878,623,225,7,-51.0
801,1911,1410,329,846,564,219,13,-29.0
816,1717,1138,242,824,314,69,2,-5.0
844,1666,1048,213,818,230,30,0,13.0
576,934,503,90,466,37,2,0,55.0
530,883,487,89,440,47,3,0,45.0
778,1293,710,129,646,64,1,0,66.0
754,1417,860,170,700,160,17,0,27.0
832,1684,1088,227,814,274,56,0,9.0
822,1585,981,197,780,201,25,0,21.0
802,1890,1352,304,880,472,130,2,-40.0
840,1782,1179,249,864,315,54,0,-12.0
486,791,428,77,394,34,3,0,46.0
740,1959,1563,387,804,759,351,22,-43.0
863,1820,1202,254,880,322,60,1,-9.0
737,1942,1654,449,614,1040,714,123,0.0
404,656,353,63,328,25,0,0,38.0
845,1605,985,197,788,197,29,1,28.0
774,1411,834,161,702,132,7,0,36.0
833,1755,1167,249,840,327,75,1,-4.0
556,914,498,90,456,42,2,0,50.0
860,1722,1098,226,840,258,42,0,10.0
842,1621,1002,201,798,204,25,0,22.0
743,1964,1622,421,718,904,528,65,-20.0
726,1952,1660,446,644,1016,664,106,-12.0
889,1895,1265,270,910,355,75,1,-11.0
804,1542,950,190,760,190,22,0,22.0
820,1458,846,161,726,120,6,0,47.0
813,1761,1193,258,838,355,85,1,-13.0
840,1616,1000,201,794,206,28,0,23.0
840,1726,1119,233,840,279,46,0,0.0
64,96,48,8,48,0,0,0,8.0
0,0,0,0,0,0,0,0,0.0
856,1652,1026,207,810,216,32,0,23.0
770,1948,1513,368,818,695,312,18,-33.0
721,1950,1668,451,630,1038,690,115,-12.0
823,1834,1276,283,854,422,126,5,-18.0
800,1918,1406,325,862,544,194,12,-37.0
757,1957,1557,389,780,777,397,41,-32.0
875,1764,1129,233,860,269,44,1,7.0
782,1471,894,177,726,168,19,0,28.0
803,1953,1450,338,872,578,209,7,-38.0
808,1566,973,196,770,203,26,0,19.0
828,1578,972,195,774,198,30,0,27.0
696,1152,630,114,576,54,0,0,60.0
766,1964,1539,378,810,729,344,30,-37.0
857,1831,1231,265,872,359,87,1,-8.0
850,1563,933,182,774,159,15,0,38.0
812,1906,1372,312,872,500,162,8,-34.0
732,1312,771,149,648,123,16,0,42.0
850,1541,908,175,766,142,9,0,42.0
829,1954,1416,324,888,528,178,7,-33.0
831,1610,1003,203,788,215,34,1,21.0
886,1659,1002,197,822,180,15,0,32.0
646,1103,620,115,550,70,3,0,48.0
870,1792,1170,246,864,306,64,2,2.0
869,1819,1205,257,868,337,83,5,-2.0
856,1760,1144,239,854,290,52,0,1.0
828,1879,1321,295,872,449,135,6,-25.0
731,1945,1658,449,622,1036,701,119,-5.0
755,1949,1507,363,836,671,277,19,-50.0
804,1658,1088,230,796,292,66,0,4.0
722,1956,1683,457,624,1059,708,114,-8.0
790,1409,823,158,698,125,13,0,46.0
732,1944,1611,420,702,909,540,72,-21.0
822,1521,915,180,750,165,21,0,36.0
40,60,30,5,30,0,0,0,5.0
696,1204,684,128,600,84,4,0,48.0
870,1707,1072,218,836,236,35,0,17.0
871,1759,1133,236,850,283,59,3,9.0
730,1946,1711,491,476,1235,994,246,4.0
844,1614,1000,202,788,212,38,0,28.0
860,1967,1411,322,890,521,187,6,-18.0
698,1225,704,133,610,94,5,0,44.0
824,1846,1290,287,858,432,130,4,-19.0
732,1946,1612,419,710,902,526,64,-21.0
730,1941,1668,462,564,1104,813,176,-5.0
672,1154,653,122,574,79,6,0,49.0
747,1940,1552,390,764,788,412,45,-31.0
825,1894,1339,300,878,461,138,7,-30.0
866,1807,1191,252,870,321,67,0,-2.0
857,1781,1166,245,862,304,57,1,-3.0
850,1861,1279,281,872,407,117,4,-13.0
516,842,456,82,420,36,2,0,48.0
730,1939,1710,498,432,1278,1075,292,3.0
828,1645,1043,214,802,241,41,2,12.0
810,1860,1311,292,870,441,120,2,-31.0
749,1962,1601,413,724,877,514,75,-25.0
732,1944,1660,450,620,1040,704,116,-2.0
881,1757,1114,228,860,254,37,1,10.0
817,1539,939,187,756,183,27,1,30.0
719,1940,1662,453,606,1056,728,137,-12.0
816,1863,1329,302,846,483,171,10,-20.0
736,1963,1615,415,740,875,483,50,-27.0
748,1344,787,151,668,119,8,0,40.0
807,1905,1376,314,868,508,169,11,-36.0
796,1769,1213,264,842,371,85,2,-24.0
788,1492,915,183,732,183,28,0,28.0
826,1663,1065,220,810,255,43,0,8.0
112,168,84,14,84,0,0,0,14.0
868,1806,1182,248,876,306,54,0,-4.0
737,1964,1606,411,746,860,472,55,-32.0
861,1779,1160,243,862,298,55,1,-1.0
813,1823,1276,284,848,428,127,1,-18.0
813,1929,1394,317,886,508,157,5,-39.0
806,1683,1110,235,810,300,63,0,-2.0
727,1944,1724,505,418,1306,1108,305,2.0
793,1919,1411,326,866,545,187,9,-41.0
600,1004,554,101,502,52,0,0,49.0
861,1805,1191,252,870,321,65,1,-5.0
766,1365,795,152,678,117,9,0,44.0
766,1931,1493,363,808,685,315,28,-35.0
832,1857,1278,279,882,396,93,2,-26.0
658,1113,620,114,556,64,1,0,51.0
819,1780,1215,265,840,375,100,1,-11.0
871,1688,1052,213,826,226,36,1,22.0
837,1988,1460,340,880,580,228,19,-31.0
814,1832,1270,279,866,404,100,2,-27.0
724,1957,1663,445,656,1007,645,98,-15.0
738,1947,1651,447,620,1031,707,128,-5.0
678,1159,652,121,578,74,3,0,50.0
785,1925,1438,338,848,590,229,17,-40.0
770,1960,1507,362,842,665,276,18,-45.0
780,1955,1509,367,816,693,323,30,-33.0
876,1838,1214,257,886,328,66,0,-5.0
774,1964,1532,375,814,718,336,26,-33.0
825,1945,1423,330,866,557,213,13,-27.0
727,1944,1717,497,452,1265,1040,269,3.0
865,1823,1205,255,880,325,63,1,-8.0
769,1939,1470,348,852,618,235,13,-48.0
738,1945,1601,414,718,883,509,60,-20.0
802,1966,1469,345,868,601,230,14,-40.0
786,1975,1513,364,842,671,291,24,-40.0
839,1796,1204,258,860,344,76,1,-11.0
914,1795,1123,227,884,239,27,0,15.0
820,1592,993,201,780,213,32,0,20.0
862,1795,1176,247,870,306,55,0,-4.0
800,1737,1178,255,826,352,85,2,-14.0
723,1950,1694,472,556,1138,838,177,-5.0
759,1956,1545,382,798,747,360,29,-34.0
770,1938,1511,371,796,715,346,30,-28.0
861,1834,1231,265,872,359,90,3,-7.0
104,156,78,13,78,0,0,0,13.0
766,1908,1460,351,814,646,280,18,-33.0
865,1897,1296,282,900,396,97,1,-18.0
805,1949,1440,335,870,570,209,13,-39.0
792,1510,929,186,742,187,26,0,25.0
678,1153,645,119,576,69,1,0,51.0
800,1886,1365,312,858,507,170,8,-33.0
486,785,421,75,392,29,1,0,47.0
827,1954,1416,324,888,528,178,9,-35.0
845,1817,1221,262,870,351,77,1,-13.0
725,1941,1676,465,562,1114,817,173,-5.0
868,1912,1310,286,904,406,104,4,-20.0
863,1921,1332,294,900,432,121,3,-20.0
842,1559,933,182,774,159,11,0,34.0
783,1943,1455,341,864,591,215,11,-46.0
787,1454,876,173,714,162,26,1,36.0
843,1867,1288,283,878,410,111,3,-19.0
724,1945,1674,458,600,1074,745,134,-5.0
840,1802,1203,256,870,333,62,0,-15.0
789,1823,1295,291,844,451,135,5,-30.0
839,1852,1268,276,880,388,92,1,-21.0
662,1115,620,114,556,64,3,0,53.0
818,1777,1202,259,850,352,77,0,-16.0
860,1690,1060,215,830,230,30,0,15.0
837,1623,1014,206,792,222,39,1,22.0
836,1835,1252,272,872,380,91,2,-19.0
840,1780,1182,251,858,324,64,0,-9.0
328,508,262,45,254,8,0,0,37.0
600,1024,574,106,512,62,0,0,44.0
853,1857,1259,272,886,373,85,1,-17.0
690,1201,686,129,598,88,5,0,46.0
838,1739,1132,236,848,284,43,0,-5.0
727,1943,1699,478,530,1169,883,187,5.0
753,1951,1549,386,782,767,387,41,-35.0
816,1846,1301,291,856,445,134,0,-20.0
908,1702,1034,205,838,196,26,0,35.0
860,1778,1154,240,868,286,42,0,-4.0
740,1955,1642,437,662,980,631,98,-10.0
773,1415,844,165,698,146,19,1,37.0
832,1781,1196,257,850,346,81,2,-10.0
841,1883,1301,285,892,409,99,1,-26.0
859,1744,1125,234,846,279,52,1,6.0
854,1879,1278,276,900,378,79,0,-23.0
862,1679,1048,212,824,224,31,0,19.0
826,1597,990,199,786,204,25,0,20.0
828,1948,1409,322,886,523,176,8,-33.0
827,1845,1265,275,880,385,85,3,-28.0
847,1902,1309,285,908,401,86,1,-31.0
838,1845,1261,274,878,383,89,0,-20.0
824,1875,1323,297,864,459,147,10,-25.0
727,1962,1665,445,660,1005,642,97,-15.0
836,1885,1314,291,882,432,121,6,-26.0
766,1405,835,162,698,137,9,0,34.0
766,1429,863,170,706,157,17,0,30.0
16,24,12,2,12,0,0,0,2.0
582,969,533,97,484,49,1,0,49.0
759,1911,1457,348,826,631,259,19,-43.0
468,760,409,73,380,29,0,0,44.0
754,1967,1577,396,778,799,411,40,-32.0
883,1880,1261,271,896,365,88,1,-7.0
857,1883,1291,282,890,401,103,1,-17.0
775,1951,1515,370,810,705,331,27,-31.0
817,1804,1241,272,850,391,104,3,-18.0
819,1951,1410,320,900,510,151,3,-42.0
782,1335,750,139,666,84,3,0,58.0
700,1184,661,122,590,71,4,0,55.0
832,1584,970,193,782,188,20,0,25.0
836,1888,1319,292,886,433,116,0,-25.0
744,1905,1476,358,804,672,297,26,-43.0
737,1933,1561,395,752,809,429,45,-30.0
836,1570,956,190,772,184,26,0,32.0
632,1040,566,102,520,46,0,0,56.0
780,1905,1416,330,852,564,201,6,-39.0
840,1670,1059,217,816,243,38,0,12.0
752,1288,726,135,642,84,4,0,55.0
817,1857,1326,302,840,486,177,9,-16.0
735,1953,1619,422,706,913,541,71,-21.0
816,1858,1295,285,880,415,98,0,-32.0
729,1946,1720,498,452,1268,1042,267,5.0
874,1803,1185,251,864,321,75,0,5.0
870,1902,1301,284,898,403,106,2,-15.0
80,120,60,10,60,0,0,0,10.0
774,1991,1548,375,846,702,299,16,-44.0
844,1652,1033,209,812,221,28,0,16.0
815,1734,1155,246,834,321,66,1,-10.0
737,1935,1590,413,702,888,531,77,-21.0
808,1434,833,159,712,121,10,0,48.0
838,1647,1034,210,808,226,31,0,15.0
906,1781,1114,225,878,236,25,0,14.0
452,716,377,66,358,19,0,0,47.0
730,1954,1612,416,728,884,498,58,-28.0
104,156,78,13,78,0,0,0,13.0
735,1962,1651,440,662,989,638,105,-16.0
839,1866,1292,285,874,418,118,5,-20.0
336,532,280,49,266,14,0,0,35.0
722,1327,793,155,656,137,15,0,33.0
774,1969,1537,376,818,719,333,24,-34.0
834,1769,1166,245,862,304,45,0,-14.0
865,1889,1280,276,904,376,81,1,-20.0
724,1942,1694,474,544,1150,854,176,2.0
819,1905,1364,309,874,490,157,7,-31.0
656,1110,619,114,554,65,2,0,51.0
829,1820,1236,267,870,366,80,3,-22.0
726,1943,1672,459,590,1082,763,144,-4.0
821,1856,1296,287,870,426,116,3,-26.0
779,1930,1447,341,848,599,234,21,-45.0
184,280,142,24,140,2,0,0,22.0
730,1946,1656,449,618,1038,710,130,-9.0
833,1845,1283,285,856,427,133,5,-14.0
728,1943,1717,497,452,1265,1039,266,5.0
850,1942,1384,314,884,500,174,10,-22.0
780,1446,870,171,714,156,18,0,33.0
764,1916,1490,364,796,694,324,20,-26.0
751,1959,1572,395,774,798,411,39,-31.0
836,1888,1310,288,892,418,104,4,-30.0
128,192,96,16,96,0,0,0,16.0
842,1900,1330,296,884,446,132,6,-24.0
834,1875,1308,290,876,432,123,4,-23.0
839,1839,1265,278,862,403,115,3,-13.0
757,1948,1557,392,762,795,424,47,-26.0
800,1859,1344,308,840,504,179,6,-23.0
782,1377,793,150,686,107,5,0,48.0
881,1841,1210,255,890,320,61,1,-5.0
736,1935,1643,445,616,1027,703,122,-1.0
566,949,525,96,474,51,1,0,46.0
809,1935,1418,327,874,544,187,5,-35.0
817,1854,1302,290,864,438,126,3,-25.0
790,1920,1421,331,856,565,208,14,-40.0
829,1683,1090,228,812,278,59,1,8.0
888,1822,1179,245,888,291,46,0,0.0
731,1947,1685,467,568,1117,811,159,2.0
741,1958,1653,443,648,1005,662,107,-7.0
765,1961,1558,391,770,788,421,53,-29.0
787,1957,1477,349,860,617,237,11,-42.0
796,1584,1003,205,776,227,32,0,10.0
692,1186,668,124,592,76,2,0,50.0
848,1608,984,196,792,192,24,0,28.0
827,1775,1202,261,838,364,99,3,-7.0
838,1830,1248,272,864,384,102,6,-16.0
318,505,267,47,252,15,1,0,33.0
777,1838,1322,299,850,472,138,3,-38.0
676,1128,621,113,564,57,0,0,56.0
809,1599,1007,205,784,223,31,1,12.0
590,949,507,90,474,33,1,0,58.0
821,1929,1399,321,872,527,185,9,-30.0
886,1711,1060,213,842,218,27,0,22.0
838,1631,1024,209,794,230,43,0,22.0
738,1946,1599,413,720,879,506,62,-22.0
660,1092,597,108,546,51,0,0,57.0
702,1213,689,129,604,85,5,0,49.0
244,372,189,32,186,3,0,0,29.0
730,1970,1642,429,710,932,550,74,-27.0
770,1912,1440,340,840,600,232,14,-42.0
799,1884,1376,318,844,532,196,9,-27.0
606,1041,587,109,520,67,1,0,43.0
781,1943,1483,357,824,659,295,29,-36.0
817,1959,1426,326,896,530,167,5,-42.0
828,1606,1000,202,788,212,30,0,20.0
748,1316,757,143,656,101,4,0,46.0
652,1090,602,110,544,58,2,0,54.0
795,1973,1501,359,848,653,277,19,-36.0
472,772,418,75,386,32,0,0,43.0
723,1946,1667,454,610,1057,726,133,-10.0
644,1076,595,109,536,59,4,0,54.0
819,1886,1345,304,866,479,154,5,-26.0
854,1661,1035,209,816,219,29,0,19.0
855,1658,1033,209,812,221,34,1,21.0
868,1694,1062,216,828,234,38,0,20.0
724,1932,1695,484,486,1209,960,232,3.0
810,1519,917,180,754,163,11,0,28.0
767,1988,1583,396,790,793,408,45,-34.0
864,1909,1312,287,902,410,105,2,-20.0
862,1593,953,186,790,163,13,0,36.0
888,1831,1199,253,880,319,71,2,3.0
868,1852,1235,263,892,343,68,0,-12.0
875,1718,1078,219,842,236,34,1,16.0
733,1950,1640,436,664,976,622,95,-13.0
384,596,308,53,298,10,0,0,43.0
736,1294,745,141,644,101,6,0,46.0
268,412,211,36,206,5,0,0,31.0
596,1032,587,110,514,73,4,0,41.0
896,1906,1279,275,908,371,90,0,-6.0
638,1075,598,110,536,62,3,0,51.0
816,1986,1470,342,888,582,210,12,-42.0
847,1784,1184,252,856,328,72,1,-5.0
822,1896,1364,312,856,508,184,10,-22.0
760,1334,767,145,664,103,6,0,48.0
212,328,169,29,164,5,0,0,24.0
620,1012,547,98,506,41,0,0,57.0
765,1943,1502,364,820,682,303,25,-40.0
444,712,379,67,356,23,0,0,44.0
829,1874,1313,292,874,439,126,3,-24.0
822,1954,1414,322,896,518,162,6,-40.0
836,1753,1157,245,844,313,65,2,-5.0
832,1732,1147,245,824,323,84,4,2.0
802,1477,880,171,734,146,9,0,34.0
830,1779,1190,254,856,334,67,0,-13.0
654,1113,625,116,554,71,5,0,50.0
838,1583,962,190,784,178,15,0,27.0
756,1930,1474,351,842,632,246,16,-51.0
824,1918,1368,308,888,480,142,4,-34.0
865,1925,1341,298,894,447,137,5,-17.0
793,1949,1468,348,848,620,253,17,-36.0
284,440,227,39,220,7,0,0,32.0
840,1686,1079,223,820,259,46,0,10.0
833,1884,1307,287,892,415,100,3,-31.0
880,1722,1087,223,836,251,50,0,22.0
782,1913,1422,331,858,564,197,4,-40.0
774,1892,1425,338,822,603,248,14,-31.0
576,948,516,93,474,42,0,0,51.0
723,1959,1671,450,642,1029,675,111,-15.0
728,1314,773,149,652,121,10,0,38.0
726,1942,1689,471,552,1137,838,170,2.0
814,1757,1179,252,846,333,65,0,-16.0
746,1971,1581,395,792,789,387,32,-39.0
836,1612,999,201,792,207,28,0,22.0
802,1993,1496,351,886,610,221,8,-46.0
815,1881,1339,302,866,473,149,7,-29.0
783,1935,1468,350,836,632,263,15,-34.0
730,1944,1715,493,472,1243,1000,242,8.0
826,1875,1308,289,882,426,111,4,-30.0
132,204,105,18,102,3,0,0,15.0
842,1825,1232,265,874,358,77,0,-16.0
811,1778,1222,268,836,386,106,1,-13.0
16,24,12,2,12,0,0,0,2.0
432,696,372,66,348,24,0,0,42.0
796,1939,1458,346,840,618,259,18,-31.0
745,1940,1542,384,780,762,380,39,-37.0
891,1794,1148,237,874,274,46,1,8.0
736,1945,1636,438,644,992,657,114,-11.0
798,1527,940,188,752,188,23,0,23.0
560,910,491,88,454,37,2,0,53.0
793,1882,1361,310,862,499,158,7,-38.0
727,1935,1703,491,460,1243,1015,259,4.0
845,1937,1365,304,906,459,125,1,-31.0
802,1918,1402,323,866,536,186,10,-37.0
750,1947,1529,374,814,715,319,20,-42.0
814,1591,992,200,784,208,23,0,15.0
796,1914,1424,335,838,586,238,16,-29.0
770,1911,1468,355,806,662,299,20,-28.0
829,1723,1126,236,836,290,51,1,-4.0
829,1737,1149,244,834,315,69,1,-3.0
884,1820,1181,246,886,295,48,0,-1.0
768,1951,1525,375,800,725,351,34,-33.0
729,1943,1720,502,428,1292,1087,293,4.0
853,1715,1096,226,836,260,43,1,8.0
729,1944,1725,506,414,1311,1116,307,4.0
726,1948,1683,466,570,1113,808,166,-5.0
827,1811,1240,271,854,386,103,3,-15.0
753,1916,1477,356,818,659,280,19,-42.0
168,256,130,22,128,2,0,0,20.0
869,1893,1285,278,902,383,89,1,-17.0
828,1783,1200,258,852,348,79,2,-13.0
638,1099,624,117,546,78,7,0,46.0
740,1316,767,147,652,115,12,0,44.0
874,1737,1102,226,848,254,41,0,13.0
760,1923,1504,369,794,710,335,22,-28.0
805,1840,1305,294,846,459,148,7,-24.0
748,1939,1519,371,812,707,315,22,-43.0
820,1694,1108,233,818,290,58,0,1.0
844,1632,1015,205,800,215,32,0,22.0
838,1639,1022,206,808,214,23,0,15.0
870,1755,1130,235,850,280,55,0,10.0
780,1480,907,181,728,179,24,0,26.0
853,1699,1078,221,830,248,39,1,11.0
762,1977,1549,378,830,719,317,20,-44.0
781,1625,1067,225,784,283,57,1,-2.0
738,1961,1660,447,638,1022,685,120,-10.0
808,1933,1413,325,876,537,181,6,-37.0
778,1942,1495,362,818,677,306,22,-31.0
797,1443,852,165,714,138,15,1,41.0
842,1824,1241,270,862,379,100,2,-11.0
817,1882,1334,299,874,460,134,3,-30.0
264,404,206,35,202,4,0,0,31.0
805,1936,1428,332,864,564,208,11,-35.0
813,1911,1373,311,880,493,151,5,-36.0
392,608,314,54,304,10,0,0,44.0
729,1952,1693,470,566,1127,820,163,0.0
846,1683,1066,218,824,242,35,0,11.0
725,1933,1698,484,492,1206,949,221,6.0
780,1903,1412,329,850,562,203,10,-40.0
828,1842,1262,274,880,382,82,0,-26.0
836,1772,1169,246,862,307,48,0,-13.0
830,1875,1311,291,876,435,123,4,-25.0
622,1025,559,101,512,47,1,0,55.0
763,1945,1525,375,800,725,345,27,-32.0
730,1954,1684,465,578,1106,798,162,-5.0
754,1956,1549,384,794,755,368,34,-37.0
824,1852,1272,276,888,384,76,0,-32.0
787,1927,1439,337,856,583,215,7,-38.0
820,1496,887,172,742,145,12,0,39.0
24,36,18,3,18,0,0,0,3.0
846,1755,1146,240,852,294,51,0,-3.0
834,1551,933,183,768,165,15,0,33.0
910,1881,1229,258,910,319,61,0,0.0
868,1736,1109,229,844,265,48,0,12.0
854,1621,995,199,796,199,29,0,29.0
859,1734,1114,231,842,272,50,1,8.0
794,1921,1433,338,838,595,245,20,-32.0
872,1780,1152,240,864,288,52,0,4.0
866,1925,1322,288,916,406,93,0,-25.0
880,1670,1023,204,822,201,26,0,29.0
852,1838,1240,267,878,362,82,0,-13.0
837,1907,1352,305,874,478,159,9,-23.0
873,1811,1185,249,876,309,59,1,-2.0
816,1925,1391,317,880,511,165,6,-35.0
622,1021,555,100,510,45,1,0,56.0
834,1629,1024,209,794,230,41,0,20.0
870,1667,1028,206,820,208,27,0,25.0
730,1945,1708,490,476,1232,993,248,3.0
812,1450,846,162,720,126,10,0,46.0
838,1665,1053,215,816,237,33,0,11.0
823,1688,1100,231,814,286,60,1,4.0
816,1961,1444,335,878,566,205,10,-36.0
518,845,457,82,422,35,1,0,48.0
839,1772,1176,250,852,324,68,1,-7.0
737,1949,1605,415,720,885,509,61,-22.0
