N0,N1,N2,Volume,Enclosing_surface,Contact_surface,TETRAVOXEL,OCTOVOXEL,MISC_Async
737,1943,1584,404,744,840,455,45,-26.0
554,897,482,86,448,34,1,0,53.0
728,1943,1718,499,442,1276,1059,278,4.0
738,1934,1565,398,742,823,450,54,-29.0
744,1258,703,130,626,77,6,0,59.0
845,1942,1385,313,892,493,158,3,-25.0
859,1704,1077,220,834,243,36,1,12.0
866,1851,1233,262,894,339,63,0,-14.0
436,720,393,71,360,33,0,0,38.0
874,1884,1275,276,894,381,96,2,-11.0
224,356,188,33,178,10,0,0,23.0
618,1047,585,108,522,63,3,0,48.0
890,1749,1100,224,856,244,37,0,17.0
810,1487,885,172,738,147,11,0,36.0
774,1367,790,150,680,110,7,0,47.0
857,1830,1232,266,868,364,94,3,-7.0
828,1594,984,197,786,198,22,0,21.0
276,424,217,37,212,5,0,0,32.0
781,1911,1427,335,844,583,223,13,-38.0
728,1941,1717,501,428,1289,1085,294,3.0
784,1962,1507,364,830,677,302,24,-35.0
860,1629,997,199,800,197,29,2,29.0
506,809,430,76,404,26,1,0,51.0
774,1964,1516,366,836,680,292,18,-40.0
806,1601,1011,206,786,225,29,0,10.0
817,1973,1442,331,898,544,177,9,-45.0
818,1957,1428,328,888,540,181,8,-39.0
726,1940,1677,463,576,1101,788,150,0.0
729,1944,1724,505,418,1306,1108,303,4.0
802,1890,1360,308,872,488,146,2,-36.0
774,1971,1549,383,800,749,371,36,-31.0
736,1957,1655,446,634,1021,689,126,-12.0
787,1895,1416,334,828,588,239,11,-26.0
751,1945,1538,381,790,748,365,35,-37.0
731,1932,1647,451,588,1059,756,153,-5.0
900,1901,1263,269,912,351,77,2,-7.0
650,1097,610,112,548,62,1,0,51.0
795,1991,1553,383,808,745,375,39,-26.0
857,1815,1213,260,866,347,83,1,-5.0
846,1511,882,169,750,132,11,0,48.0
829,1833,1266,279,858,408,117,5,-17.0
820,1678,1090,228,812,278,54,0,4.0
862,1767,1146,239,858,288,51,0,2.0
856,1855,1257,272,882,375,91,2,-14.0
856,1556,920,178,772,148,12,0,42.0
528,870,475,86,434,41,2,0,47.0
792,1895,1388,321,850,538,195,14,-36.0
800,1829,1288,287,854,434,121,2,-28.0
795,1982,1500,356,864,636,254,17,-43.0
851,1832,1235,266,874,361,84,1,-12.0
732,1945,1685,469,556,1129,833,170,3.0
847,1826,1227,263,876,351,74,1,-15.0
725,1950,1704,481,522,1182,906,207,-2.0
846,1697,1079,221,832,247,33,0,7.0
746,1954,1621,425,692,929,570,78,-12.0
729,1944,1720,501,434,1286,1076,287,4.0
825,1766,1184,254,844,340,78,3,-11.0
806,1443,844,162,716,128,11,0,45.0
864,1816,1208,258,868,340,80,0,-2.0
731,1943,1688,472,544,1144,855,179,4.0
670,1145,643,119,572,71,1,0,49.0
825,1947,1396,315,902,494,143,5,-41.0
729,1943,1724,508,400,1324,1143,325,2.0
804,1919,1430,338,832,598,255,18,-23.0
823,1904,1351,303,884,467,136,5,-33.0
554,889,474,84,444,30,1,0,55.0
849,1765,1154,242,856,298,53,1,-4.0
794,1463,875,171,724,151,15,0,35.0
854,1577,941,183,784,157,9,0,35.0
729,1948,1594,408,740,854,468,55,-33.0
806,1717,1147,245,824,323,69,0,-9.0
726,1943,1664,452,616,1048,711,120,-5.0
734,1928,1612,429,650,962,628,106,-11.0
870,1778,1157,243,856,301,66,2,6.0
732,1961,1630,426,704,926,553,78,-25.0
486,773,409,72,386,23,1,0,50.0
771,1961,1506,361,846,660,269,15,-45.0
834,1783,1193,255,856,337,71,0,-11.0
765,1905,1451,347,820,631,265,17,-36.0
880,1821,1195,253,872,323,77,6,1.0
729,1942,1722,508,396,1326,1150,331,1.0
884,1827,1194,251,882,312,63,2,0.0
828,1902,1351,304,878,473,146,4,-27.0
813,1912,1377,313,876,501,160,7,-35.0
729,1942,1718,499,442,1276,1058,275,6.0
814,1591,996,202,780,216,31,0,17.0
827,1734,1138,239,842,296,50,1,-8.0
780,1406,826,159,698,128,10,0,41.0
606,1027,574,106,512,62,3,0,47.0
796,1460,869,169,724,145,12,0,36.0
833,1683,1085,226,814,271,55,1,9.0
828,1634,1028,209,802,226,30,0,13.0
460,748,403,72,374,29,0,0,43.0
854,1928,1352,301,898,454,132,2,-23.0
729,1945,1660,449,626,1034,693,113,-5.0
749,1966,1581,398,774,807,418,43,-34.0
884,1854,1218,256,900,318,54,0,-8.0
832,1829,1258,276,860,398,109,2,-15.0
725,1942,1645,438,662,983,618,83,-10.0
828,1845,1277,281,868,409,109,2,-21.0
727,1937,1715,501,424,1291,1089,295,4.0
722,1949,1674,457,606,1068,737,136,-10.0
851,1734,1120,233,842,278,50,1,4.0
488,850,485,91,424,61,2,0,32.0
897,1863,1217,255,904,313,55,1,-4.0
848,1827,1248,274,852,396,123,6,-5.0
816,1526,921,181,756,165,14,0,30.0
728,1939,1705,488,482,1223,975,234,6.0
816,1776,1213,265,836,377,104,4,-12.0
809,1912,1380,314,876,504,160,7,-37.0
807,1623,1045,218,782,263,59,3,11.0
817,1793,1226,267,850,376,93,1,-17.0
836,1815,1224,263,870,354,75,2,-18.0
859,1826,1222,262,872,350,82,1,-7.0
747,1937,1550,390,760,790,417,47,-30.0
720,1262,723,136,630,93,2,0,45.0
746,1311,757,144,650,107,11,0,48.0
872,1644,996,196,816,180,12,0,28.0
729,1944,1726,510,392,1334,1160,335,1.0
272,424,220,38,212,8,0,0,30.0
772,1961,1524,371,822,702,317,22,-36.0
876,1804,1179,248,870,309,64,0,3.0
512,828,444,79,414,30,0,0,49.0
788,1940,1458,344,852,606,236,12,-38.0
828,1590,982,197,782,200,26,0,23.0
826,1877,1312,290,884,428,109,0,-29.0
674,1179,675,127,588,87,3,0,43.0
664,1118,623,115,556,67,6,0,54.0
799,1954,1466,346,856,610,242,13,-35.0
781,1962,1516,369,818,698,326,31,-34.0
742,1952,1608,418,708,900,536,74,-20.0
688,1140,624,113,570,54,0,0,59.0
826,1579,973,195,776,197,27,0,25.0
852,1865,1276,279,878,398,109,6,-16.0
733,1957,1651,439,668,983,621,89,-12.0
867,1818,1192,250,884,308,50,1,-9.0
859,1798,1178,247,874,304,50,1,-8.0
800,1470,877,171,728,149,14,0,36.0
882,1834,1208,256,880,328,74,2,0.0
826,1944,1402,319,890,512,164,6,-35.0
894,1807,1148,234,892,256,23,0,1.0
606,1001,547,99,500,47,1,0,53.0
480,776,416,74,388,28,0,0,46.0
736,1949,1643,439,652,991,645,102,-9.0
884,1828,1197,252,882,315,64,0,1.0
802,1455,857,165,724,133,7,0,39.0
720,1240,704,132,616,88,8,0,52.0
716,1272,739,141,632,107,8,0,42.0
867,1688,1061,217,820,241,48,1,23.0
688,1182,669,125,588,81,6,0,50.0
580,932,497,88,466,31,0,0,57.0
72,108,54,9,54,0,0,0,9.0
724,1935,1686,471,546,1140,843,170,4.0
729,1944,1725,508,402,1323,1140,323,2.0
842,1886,1308,288,888,420,110,2,-24.0
300,464,239,41,232,7,0,0,34.0
791,1896,1389,321,852,537,192,13,-37.0
754,1976,1609,414,734,875,508,74,-27.0
835,1752,1155,244,846,309,60,1,-6.0
730,1937,1685,473,532,1153,873,188,5.0
880,1766,1135,236,854,281,58,0,13.0
790,1915,1446,345,822,624,271,16,-24.0
812,1574,978,197,774,204,26,0,19.0
863,1900,1305,286,894,411,112,5,-18.0
886,1707,1054,211,842,212,23,0,22.0
528,856,460,82,428,32,0,0,50.0
735,1953,1611,418,714,897,525,71,-25.0
738,1309,758,144,652,106,5,0,43.0
813,1912,1381,315,872,509,168,7,-33.0
725,1951,1666,450,632,1034,687,113,-10.0
815,1773,1202,260,844,358,85,3,-16.0
462,787,442,82,392,50,3,0,35.0
797,1816,1278,285,846,432,124,3,-26.0
708,1256,729,139,624,105,8,0,42.0
723,1945,1641,436,666,975,613,91,-17.0
842,1766,1170,249,846,324,74,2,-3.0
832,1904,1343,300,886,457,132,4,-29.0
868,1828,1219,261,872,347,84,0,-2.0
781,1979,1514,362,856,658,267,17,-46.0
724,1956,1691,463,604,1087,748,128,-4.0
852,1865,1265,273,892,373,81,2,-21.0
816,1859,1302,289,870,432,119,6,-30.0
100,152,77,13,76,1,0,0,12.0
842,1888,1320,294,876,444,136,6,-20.0
778,1395,817,157,692,125,11,0,43.0
854,1759,1144,239,854,290,51,0,0.0
719,1941,1631,430,682,949,577,79,-21.0
857,1877,1287,282,882,405,113,5,-15.0
817,1717,1132,239,830,302,57,1,-7.0
782,1981,1522,365,854,668,273,12,-42.0
724,1946,1707,485,504,1203,938,220,0.0
866,1691,1055,213,832,223,27,0,17.0
760,1380,816,158,684,132,12,0,38.0
816,1840,1298,292,844,454,152,8,-18.0
728,1937,1602,417,702,900,533,74,-24.0
748,1348,789,151,672,117,4,0,38.0
860,1955,1366,302,920,446,115,2,-31.0
839,1823,1245,272,858,387,107,3,-11.0
758,1934,1532,383,766,766,402,46,-27.0
750,1958,1585,405,740,845,478,66,-28.0
826,1814,1253,277,844,409,126,6,-12.0
724,1200,659,120,598,61,4,0,63.0
792,1875,1357,310,854,503,167,10,-36.0
730,1951,1715,491,484,1231,983,240,3.0
276,424,217,37,212,5,0,0,32.0
860,1741,1123,234,842,281,57,2,8.0
842,1573,950,187,778,172,17,0,32.0
845,1707,1098,228,828,270,51,1,8.0
794,1948,1462,345,854,608,240,14,-37.0
762,1942,1516,372,800,716,342,34,-36.0
820,1562,962,193,766,196,30,0,27.0
838,1904,1324,291,902,422,100,2,-33.0
831,1859,1291,285,872,419,115,3,-22.0
845,1627,1004,201,802,202,23,1,21.0
814,1469,861,165,732,129,5,0,41.0
728,1945,1644,437,666,978,613,82,-10.0
812,1854,1316,297,850,466,154,8,-23.0
726,1942,1654,449,614,1040,714,134,-11.0
833,1859,1285,282,878,407,103,1,-23.0
686,1175,664,124,584,80,7,0,51.0
742,1964,1617,417,732,885,500,54,-22.0
767,1968,1537,376,818,719,332,29,-40.0
833,1824,1254,276,852,402,120,7,-13.0
859,1776,1167,247,852,315,72,1,3.0
800,1540,952,191,758,194,24,0,21.0
300,476,251,44,238,13,0,0,31.0
729,1945,1721,502,430,1291,1085,293,3.0
814,1703,1120,236,824,296,55,0,-5.0
817,1699,1121,238,814,307,71,1,1.0
826,1890,1337,300,874,463,142,6,-27.0
728,1314,775,150,650,125,14,0,39.0
861,1865,1259,271,892,367,81,1,-16.0
812,1962,1455,340,870,585,222,12,-35.0
850,1814,1224,265,858,366,98,2,-5.0
872,1780,1150,239,866,284,48,0,3.0
824,1576,968,193,778,190,20,0,23.0
857,1803,1197,255,864,333,75,1,-4.0
741,1938,1548,387,774,774,390,39,-36.0
827,1736,1155,247,828,327,80,1,-1.0
831,1814,1243,272,854,389,106,1,-12.0
797,1859,1334,302,856,478,147,1,-30.0
124,188,95,16,94,1,0,0,15.0
858,1867,1281,282,870,411,127,8,-10.0
732,1956,1617,419,720,897,516,64,-26.0
869,1960,1389,314,894,495,172,7,-16.0
746,1944,1553,389,772,781,400,42,-34.0
770,1463,899,180,718,181,27,0,26.0
731,1946,1707,488,486,1221,974,237,4.0
740,1953,1625,426,694,931,565,74,-14.0
864,1809,1196,254,868,328,73,2,-3.0
556,888,471,83,444,27,0,0,56.0
727,1945,1643,440,646,997,653,111,-15.0
813,1798,1233,269,852,381,94,3,-21.0
779,1953,1500,361,834,666,285,15,-35.0
811,1891,1368,314,852,516,187,11,-26.0
834,1811,1227,265,864,363,83,0,-15.0
722,1949,1713,486,510,1203,929,212,0.0
810,1925,1420,331,854,566,217,8,-26.0
502,835,460,84,416,44,3,0,43.0
724,1947,1649,442,646,1003,655,110,-16.0
826,1896,1351,305,872,479,152,2,-24.0
478,749,391,68,374,17,1,0,52.0
737,1954,1594,407,746,848,462,51,-30.0
809,1847,1291,285,872,419,103,1,-32.0
785,1858,1345,307,848,497,162,7,-35.0
791,1949,1475,351,844,631,261,15,-34.0
771,1992,1560,381,834,726,324,21,-42.0
844,1708,1093,225,836,257,36,0,4.0
820,1546,940,186,764,176,18,0,28.0
848,1835,1239,267,876,363,83,2,-15.0
850,1701,1084,223,830,254,41,0,10.0
788,1790,1246,274,848,398,94,0,-30.0
824,1822,1247,271,868,379,86,0,-22.0
828,1858,1297,288,866,431,126,4,-21.0
148,224,113,19,112,1,0,0,18.0
610,1029,572,105,514,58,1,0,48.0
776,1354,775,146,674,101,6,0,51.0
723,1947,1700,476,544,1156,859,179,0.0
751,1943,1581,406,726,855,491,59,-17.0
328,524,278,49,262,16,0,0,33.0
869,1793,1169,245,868,301,57,1,0.0
801,1931,1423,330,866,557,199,9,-37.0
786,1891,1418,337,814,604,263,20,-24.0
882,1759,1121,231,856,265,47,0,13.0
731,1946,1670,457,598,1072,750,137,-2.0
729,1944,1728,512,384,1344,1176,343,1.0
638,1091,616,115,542,74,7,0,48.0
801,1969,1490,354,856,634,257,9,-32.0
820,1488,879,170,738,141,12,0,41.0
880,1810,1173,244,882,291,46,0,-1.0
0,0,0,0,0,0,0,0,0.0
760,1488,928,187,734,194,20,0,13.0
822,1925,1382,313,886,496,153,4,-34.0
836,1910,1354,305,878,476,154,8,-25.0
874,1683,1039,208,830,209,23,0,22.0
836,1678,1068,219,822,246,34,0,7.0
516,856,469,85,428,41,0,0,44.0
760,1356,788,150,676,112,4,0,42.0
729,1963,1616,415,742,874,479,53,-33.0
832,1664,1064,220,808,256,48,0,12.0
774,1949,1500,362,828,672,293,20,-37.0
594,981,536,97,490,46,1,0,52.0
700,1178,654,120,588,66,2,0,56.0
780,1926,1441,338,854,587,218,12,-43.0
801,1858,1316,294,868,448,122,3,-35.0
833,1713,1116,234,828,288,57,1,2.0
733,1943,1598,414,712,886,519,73,-26.0
696,1210,691,130,602,89,6,0,47.0
733,1951,1631,428,694,937,563,69,-15.0
831,1838,1265,277,868,397,102,1,-19.0
730,1937,1665,459,576,1089,785,156,-1.0
830,1756,1168,249,842,326,72,2,-7.0
876,1820,1191,250,882,309,56,0,-3.0
873,1787,1157,241,868,289,51,1,2.0
928,1778,1097,220,874,223,30,0,27.0
779,1945,1485,356,834,651,277,19,-37.0
728,1944,1721,503,424,1297,1096,300,2.0
814,1984,1470,342,888,582,208,10,-42.0
738,1961,1629,426,702,927,557,76,-20.0
733,1947,1632,433,666,966,615,97,-15.0
776,1911,1428,335,846,582,219,14,-42.0
56,84,42,7,42,0,0,0,7.0
889,1843,1203,252,894,309,55,1,-3.0
876,1927,1326,291,906,420,115,2,-16.0
830,1795,1216,263,854,362,87,0,-12.0
859,1938,1357,302,902,455,134,5,-24.0
845,1799,1209,261,852,357,95,5,-6.0
808,1560,966,194,768,198,24,0,20.0
814,1844,1296,289,858,438,128,2,-23.0
702,1273,751,145,632,119,9,0,35.0
542,907,502,92,452,50,3,0,45.0
810,1799,1244,274,844,400,111,4,-19.0
853,1679,1056,215,822,234,35,1,15.0
812,1614,1020,208,792,228,30,0,10.0
300,468,243,42,234,9,0,0,33.0
806,1429,827,157,712,115,5,0,47.0
829,1946,1400,318,892,508,162,7,-35.0
768,1969,1551,384,798,753,373,38,-34.0
836,1813,1227,265,864,363,85,2,-15.0
462,769,423,77,384,39,1,0,39.0
496,784,412,72,392,20,0,0,52.0
857,1771,1153,241,860,293,51,1,-2.0
723,1967,1667,444,670,997,627,95,-21.0
786,1477,894,176,732,162,13,0,27.0
868,1696,1059,214,834,225,28,0,17.0
849,1716,1109,232,826,283,64,3,10.0
850,1677,1052,213,826,226,25,0,12.0
724,1256,715,134,626,89,4,0,49.0
738,1945,1606,419,698,908,549,80,-20.0
774,1956,1482,350,864,618,228,10,-50.0
788,1380,793,150,686,107,8,0,51.0
728,1298,757,145,644,113,10,0,42.0
792,1490,901,177,740,161,10,0,26.0
723,1963,1655,438,682,973,599,87,-23.0
860,1915,1326,292,900,426,115,2,-21.0
865,1957,1373,306,910,463,137,5,-25.0
821,1943,1414,325,878,536,187,9,-33.0
878,1870,1247,266,898,349,74,2,-11.0
873,1833,1210,256,884,326,65,1,-6.0
809,1745,1170,250,840,330,65,1,-16.0
750,1970,1564,387,806,758,358,30,-43.0
568,926,501,90,462,39,2,0,53.0
899,1929,1308,285,906,402,117,7,-7.0
728,1268,724,136,632,92,4,0,48.0
304,468,240,41,234,6,0,0,35.0
736,1956,1641,433,684,957,588,76,-12.0
462,749,403,72,374,29,1,0,44.0
228,348,177,30,174,3,0,0,27.0
842,1835,1251,272,870,381,95,0,-14.0
336,528,276,48,264,12,0,0,36.0
760,1428,868,172,704,164,20,0,28.0
868,1798,1170,244,876,294,46,0,-4.0
812,1966,1466,345,862,604,242,16,-33.0
806,1874,1343,305,856,487,162,10,-30.0
722,1291,755,145,640,115,11,0,41.0
799,1942,1432,331,878,554,186,5,-42.0
836,1702,1094,226,832,262,38,0,2.0
845,1871,1297,287,872,425,127,5,-16.0
848,1870,1287,282,882,405,106,0,-17.0
807,1862,1318,295,866,452,130,5,-32.0
829,1948,1392,313,906,486,136,3,-40.0
846,1950,1382,310,904,478,142,6,-32.0
829,1896,1347,304,870,477,156,7,-24.0
729,1951,1686,467,570,1116,811,165,-3.0
522,829,438,77,414,24,1,0,54.0
731,1946,1691,473,544,1147,858,181,3.0
796,1450,858,166,720,138,10,0,38.0
184,280,142,24,140,2,0,0,22.0
821,1871,1325,298,862,463,147,5,-23.0
737,1961,1640,430,700,940,561,65,-14.0
831,1921,1380,315,870,510,181,11,-25.0
843,1616,997,200,794,203,28,1,24.0
741,1968,1633,426,710,923,548,71,-20.0
792,1532,950,191,754,196,24,0,19.0
803,1882,1359,311,852,507,178,13,-31.0
881,1911,1297,281,908,389,95,1,-14.0
755,1904,1452,347,822,630,260,21,-44.0
908,1904,1261,268,914,347,76,0,-3.0
48,72,36,6,36,0,0,0,6.0
346,549,290,51,274,16,1,0,36.0
821,1833,1267,278,866,401,101,1,-23.0
830,1645,1037,211,808,229,29,0,11.0
719,1947,1669,452,626,1043,695,115,-11.0
869,1918,1313,286,910,403,98,3,-22.0
796,1510,926,185,742,184,26,0,27.0
812,1398,792,148,696,96,6,0,58.0
780,1968,1515,366,834,681,300,24,-39.0
750,1960,1595,408,742,853,476,54,-23.0
840,1807,1217,262,862,355,83,2,-12.0
727,1940,1670,459,586,1084,768,145,-2.0
776,1392,814,156,692,122,8,0,42.0
810,1413,808,152,704,104,5,0,53.0
873,1862,1246,267,890,356,82,3,-10.0
360,552,282,48,276,6,0,0,42.0
837,1847,1269,278,870,399,107,5,-19.0
849,1822,1230,266,864,366,94,3,-9.0
882,1841,1212,256,888,324,65,0,-3.0
876,1668,1023,204,822,201,24,0,27.0
871,1900,1302,285,894,408,112,1,-12.0
606,1023,570,105,510,60,3,0,48.0
780,1412,833,161,700,133,12,0,40.0
744,1946,1610,420,700,910,546,68,-12.0
836,1785,1201,259,848,353,89,2,-7.0
830,1846,1276,281,866,410,114,6,-21.0
891,1838,1194,249,894,300,50,1,-2.0
836,1978,1439,331,892,547,194,12,-34.0
478,757,399,70,378,21,1,0,50.0
864,1842,1231,263,884,347,74,0,-10.0
781,1887,1401,328,834,567,219,13,-33.0
718,1317,785,153,652,133,13,0,33.0
728,1940,1719,501,432,1287,1076,284,6.0
730,1960,1641,432,690,951,580,82,-21.0
572,966,538,99,482,56,2,0,45.0
835,1832,1271,283,844,427,144,9,-9.0
886,1703,1056,213,834,222,35,0,26.0
771,1920,1446,341,846,600,228,13,-44.0
822,1455,842,160,724,118,7,0,49.0
790,1925,1433,336,850,583,225,16,-38.0
821,1893,1356,308,864,492,165,5,-24.0
288,452,236,41,226,10,0,0,31.0
704,1242,717,136,618,99,6,0,43.0
852,1740,1123,233,848,275,44,0,2.0
864,1767,1151,242,850,301,67,2,6.0
729,1945,1720,498,452,1268,1041,265,6.0
814,1862,1326,300,852,474,158,6,-22.0
802,1535,947,190,754,193,27,0,24.0
827,1814,1234,267,866,368,82,1,-20.0
725,1943,1696,476,536,1160,871,185,2.0
590,977,535,97,488,47,1,0,51.0
562,943,523,96,470,53,3,0,46.0
804,1926,1424,333,850,574,226,16,-31.0
832,1678,1077,223,816,261,46,0,8.0
833,1663,1055,216,814,241,35,1,9.0
796,1746,1182,254,840,342,66,0,-22.0
826,1796,1205,257,868,337,60,2,-22.0
900,1762,1100,222,868,232,26,0,16.0
836,1550,934,184,764,170,22,0,36.0
786,1423,843,164,702,141,19,0,42.0
729,1944,1723,507,404,1319,1136,323,1.0
835,1822,1232,265,874,358,74,1,-20.0
776,1422,847,165,704,143,14,0,36.0
850,1865,1284,282,876,408,113,0,-13.0
776,1958,1539,382,786,753,386,40,-25.0
796,1452,861,167,720,141,12,0,38.0
760,1957,1566,394,768,798,421,42,-25.0
728,1943,1660,450,620,1040,703,118,-5.0
746,1952,1551,384,798,753,356,26,-39.0
876,1682,1042,210,824,218,34,0,26.0
731,1941,1679,467,556,1123,829,171,2.0
862,1667,1036,209,818,218,31,0,22.0
729,1947,1689,473,540,1149,867,193,-2.0
813,1659,1072,223,806,266,47,1,3.0
764,1940,1513,371,800,713,340,32,-34.0
816,1763,1191,257,840,351,83,2,-13.0
753,1963,1591,406,746,845,471,57,-25.0
791,1903,1431,342,810,621,283,27,-23.0
757,1926,1482,357,822,660,282,23,-44.0
797,1902,1402,327,842,560,218,15,-30.0
867,1690,1052,212,832,220,26,1,17.0
604,986,534,96,492,42,2,0,56.0
724,1933,1660,454,596,1064,741,134,-3.0
864,1908,1312,287,902,410,104,0,-19.0
735,1963,1656,443,654,1002,655,111,-15.0
812,1410,804,151,702,102,6,0,55.0
863,1784,1166,245,862,304,60,1,0.0
816,1806,1254,278,840,414,126,4,-14.0
749,1987,1618,413,758,860,471,57,-33.0
720,1274,737,140,634,103,6,0,43.0
825,1899,1348,303,878,470,143,5,-29.0
732,1946,1697,479,520,1177,906,204,4.0
902,1855,1212,255,894,318,67,0,4.0
817,1838,1276,281,866,410,106,3,-26.0
164,252,129,22,126,3,0,0,19.0
524,828,435,76,414,21,0,0,55.0
855,1861,1268,276,880,388,101,3,-14.0
862,1587,950,186,784,166,19,0,39.0
796,1492,905,179,736,169,20,0,30.0
726,1943,1719,496,462,1257,1019,252,6.0
834,1795,1208,260,856,352,83,4,-13.0
729,1944,1727,510,394,1333,1156,331,2.0
825,1920,1381,315,872,509,176,11,-29.0
828,1628,1027,210,794,233,40,0,17.0
826,1523,911,178,754,157,15,0,36.0
718,1321,791,155,652,139,17,0,33.0
688,1268,758,148,628,130,12,0,30.0
732,1955,1611,415,732,879,491,54,-27.0
832,1795,1205,258,862,343,71,2,-16.0
810,1924,1406,325,862,544,200,14,-33.0
831,1903,1347,302,882,465,139,3,-27.0
858,1859,1257,271,888,369,83,0,-15.0
848,1612,990,198,792,198,28,0,28.0
866,1693,1068,219,822,246,49,0,22.0
779,1879,1374,315,858,516,163,3,-41.0
816,1754,1171,249,848,323,58,0,-16.0
779,1939,1510,372,788,722,363,35,-22.0
722,1922,1641,445,612,1029,698,118,-4.0
794,1864,1342,305,854,488,156,6,-33.0
796,1888,1371,314,858,513,172,8,-35.0
797,1911,1372,308,896,476,119,1,-50.0
812,1954,1443,335,876,567,202,4,-34.0
728,1941,1709,493,460,1249,1021,262,3.0
800,1660,1095,233,792,303,76,4,2.0
424,682,365,65,340,25,2,0,42.0
750,1955,1563,391,780,783,395,36,-33.0
787,1879,1371,315,852,519,175,7,-36.0
854,1713,1093,225,836,257,41,0,9.0
781,1863,1370,318,832,538,199,9,-30.0
735,1943,1549,386,782,767,379,43,-45.0
762,1915,1458,347,834,624,247,12,-42.0
726,1950,1704,478,540,1164,870,182,2.0
827,1816,1241,270,862,379,92,1,-18.0
762,1381,816,158,684,132,13,0,39.0
860,1742,1116,230,852,264,38,0,4.0
845,1987,1446,333,894,552,199,9,-29.0
800,1728,1168,252,824,344,80,0,-12.0
821,1921,1385,316,874,511,173,9,-31.0
824,1520,912,179,750,162,20,0,37.0
816,1792,1221,265,852,369,88,4,-20.0
847,1922,1356,304,888,468,146,5,-23.0
729,1945,1717,494,470,1247,1005,245,7.0
736,1965,1645,434,686,959,593,86,-18.0
787,1977,1538,377,814,724,349,31,-29.0
836,1666,1060,218,812,248,42,0,12.0
837,1691,1086,225,822,264,47,1,7.0
769,1826,1319,300,838,481,150,7,-38.0
769,1934,1519,376,782,737,370,31,-22.0
758,1415,854,168,700,154,15,0,29.0
884,1624,967,188,806,161,12,0,39.0
753,1921,1501,367,800,701,321,21,-34.0
636,1064,587,107,532,55,0,0,52.0
806,1707,1138,243,818,320,71,0,-6.0
614,1027,568,104,512,56,3,0,51.0
532,846,448,79,422,26,2,0,55.0
710,1231,702,132,612,90,7,0,49.0
908,1818,1160,239,886,274,46,0,11.0
556,952,535,99,476,59,0,0,40.0
706,1185,658,121,590,68,5,0,58.0
729,1940,1660,456,584,1076,772,159,-7.0
622,1039,574,105,518,56,3,0,52.0
396,640,343,61,320,23,0,0,38.0
740,1969,1622,419,730,892,509,62,-26.0
800,1817,1274,283,850,424,117,2,-26.0
730,1919,1574,407,706,868,507,68,-22.0
879,1914,1297,280,914,383,86,1,-18.0
825,1850,1282,282,872,410,106,3,-25.0
814,1397,789,147,696,93,5,0,59.0
906,1775,1117,228,866,251,43,0,20.0
873,1923,1322,290,904,418,115,5,-18.0
757,1991,1580,392,808,772,375,41,-46.0
866,1733,1096,223,854,242,25,0,6.0
832,1550,933,183,768,165,14,0,32.0
816,1945,1417,325,884,533,177,6,-37.0
696,1200,680,127,598,82,4,0,49.0
252,388,199,34,194,5,0,0,29.0
732,1927,1604,422,676,928,575,82,-13.0
768,1980,1562,386,808,754,364,32,-36.0
773,1880,1397,327,832,565,216,15,-37.0
835,1868,1281,278,894,387,80,1,-30.0
719,1941,1638,435,666,972,609,91,-19.0
728,1940,1710,494,456,1254,1028,264,4.0
817,1755,1177,252,842,335,71,1,-13.0
777,1960,1523,372,814,709,332,27,-32.0
722,1227,689,128,610,79,7,0,56.0
825,1687,1095,229,816,279,55,1,4.0
737,1972,1631,422,730,901,512,59,-26.0
733,1965,1659,443,660,999,645,105,-16.0
614,1057,599,112,526,73,5,0,44.0
702,1233,709,134,614,95,5,0,44.0
16,24,12,2,12,0,0,0,2.0
847,1837,1263,279,852,411,133,7,-6.0
820,1893,1354,307,866,488,161,6,-26.0
869,1899,1304,286,892,412,115,1,-12.0
816,1879,1336,301,866,470,147,6,-28.0
762,1455,897,180,714,183,27,0,24.0
726,1933,1660,455,590,1070,753,140,-2.0
728,1927,1523,374,802,721,323,26,-50.0
856,1744,1114,228,860,254,24,0,-2.0
718,1927,1664,456,592,1072,743,128,-1.0
424,680,362,64,340,22,0,0,42.0
841,1751,1151,243,844,307,63,1,-2.0
778,1996,1599,403,780,819,436,42,-22.0
880,1652,1004,199,814,190,24,0,33.0
829,1891,1339,301,872,467,147,5,-24.0
840,1686,1077,222,822,255,42,0,9.0
839,1845,1270,279,866,404,113,3,-15.0
688,1204,688,129,602,86,0,0,43.0
842,1651,1035,210,810,225,31,0,16.0
884,1788,1151,239,868,283,52,0,8.0
252,384,195,33,192,3,0,0,30.0
800,1981,1508,361,850,658,281,18,-34.0
714,1269,736,140,632,104,5,0,41.0
736,1330,785,152,658,127,14,0,39.0
746,1325,768,146,660,108,5,0,43.0
729,1943,1717,499,440,1277,1063,281,4.0
823,1780,1208,262,844,364,92,1,-11.0
748,1956,1651,444,638,1013,680,112,-1.0
164,248,125,21,124,1,0,0,20.0
813,1916,1394,321,862,532,192,11,-30.0
823,1808,1246,274,848,398,112,1,-13.0
652,1134,648,122,564,84,6,0,44.0
741,1959,1609,415,728,881,503,61,-24.0
811,1776,1207,261,848,359,80,1,-19.0
847,1951,1371,304,918,453,115,3,-37.0
773,1927,1486,361,806,680,315,25,-29.0
802,1447,855,166,714,141,19,0,44.0
92,140,71,12,70,1,0,0,11.0
770,1943,1474,349,854,620,235,12,-48.0
885,1883,1262,271,898,364,87,1,-7.0
752,1394,835,163,692,143,10,0,30.0
724,1931,1640,441,634,1006,663,106,-8.0
728,1931,1599,418,690,909,551,82,-22.0
851,1855,1260,273,882,378,91,3,-17.0
822,1867,1316,295,862,454,143,8,-24.0
799,1942,1442,337,862,580,218,13,-38.0
742,1959,1597,410,734,863,491,68,-30.0
883,1740,1101,226,846,255,48,1,18.0
818,1707,1115,233,832,283,43,0,-7.0
679,1172,666,125,582,84,8,1,48.0
841,1857,1268,275,886,382,85,1,-23.0
758,1943,1514,369,814,700,315,24,-40.0
773,1941,1469,347,856,613,229,9,-46.0
828,1747,1162,248,836,326,75,2,-5.0
837,1652,1056,220,792,264,68,3,21.0
682,1159,649,120,578,71,3,0,52.0
825,1723,1135,240,830,305,63,1,-3.0
837,1798,1217,264,850,367,98,3,-8.0
668,1132,633,117,564,69,4,0,52.0
522,857,466,84,428,38,1,0,47.0
926,1725,1037,203,856,181,13,0,35.0
735,1953,1622,424,700,922,553,75,-20.0
714,1241,712,135,614,98,13,0,50.0
406,641,337,59,320,17,1,0,43.0
806,1948,1444,338,860,584,228,18,-36.0
724,1936,1704,486,492,1212,952,220,6.0
831,1858,1304,292,856,448,146,5,-15.0
729,1953,1628,426,700,928,553,73,-22.0
168,260,134,23,130,4,0,0,19.0
839,1898,1339,301,872,467,154,9,-21.0
829,1855,1288,284,872,416,111,1,-22.0
740,1968,1667,449,640,1027,688,120,-10.0
744,1354,801,155,672,129,10,0,36.0
862,1661,1027,206,818,209,25,0,22.0
740,1950,1581,403,744,837,462,60,-32.0
670,1111,612,112,552,60,7,0,59.0
728,1938,1660,456,584,1076,770,156,-6.0
742,1943,1549,386,782,767,379,36,-38.0
484,772,409,72,386,23,0,0,49.0
767,1932,1453,340,866,587,200,5,-52.0
264,404,206,35,202,4,0,0,31.0
829,1645,1039,212,806,233,33,1,11.0
859,1768,1161,246,846,315,76,1,6.0
880,1855,1231,262,890,341,75,2,-6.0
729,1943,1723,504,422,1301,1099,297,5.0
879,1908,1288,277,914,374,80,1,-18.0
825,1889,1331,297,880,451,129,5,-30.0
772,1362,788,150,676,112,10,0,48.0
896,1864,1220,256,904,316,56,0,-4.0
726,1936,1713,500,426,1287,1084,294,3.0
851,1734,1122,234,840,282,54,1,5.0
810,1595,1003,204,782,221,31,0,14.0
860,1898,1290,278,912,378,74,0,-26.0
464,740,392,69,370,22,0,0,47.0
548,930,520,96,464,56,2,0,42.0
466,749,400,71,374,26,1,0,46.0
814,1838,1275,280,870,405,98,2,-29.0
777,1958,1540,383,782,758,394,43,-24.0
849,1862,1276,279,878,398,106,3,-16.0
848,1786,1187,253,856,331,74,0,-4.0
504,820,442,79,410,32,0,0,47.0
811,1899,1375,315,860,515,179,7,-28.0
816,1889,1353,307,864,489,161,6,-27.0
698,1243,723,138,618,105,7,0,40.0
868,1770,1140,236,864,276,42,0,2.0
727,1954,1674,456,612,1062,730,133,-9.0
800,1892,1368,312,864,504,164,8,-36.0
712,1248,716,135,622,94,4,0,45.0
40,60,30,5,30,0,0,0,5.0
844,1753,1157,246,838,319,77,2,2.0
727,1932,1627,433,656,971,620,93,-11.0
806,1829,1286,287,850,436,129,4,-24.0
836,1926,1369,308,890,479,146,4,-29.0
899,1878,1242,264,900,342,78,1,-1.0
807,1718,1143,243,828,315,62,1,-11.0
740,1964,1607,412,742,865,480,56,-29.0
8,12,6,1,6,0,0,0,1.0
723,1945,1687,466,578,1109,789,147,-1.0
826,1934,1379,310,898,481,138,6,-39.0
767,1959,1548,385,786,762,387,39,-29.0
830,1617,1009,204,794,215,29,0,18.0
842,1837,1238,265,886,352,65,0,-22.0
731,1938,1595,412,718,877,502,61,-24.0
826,1682,1084,225,818,266,46,2,3.0
764,1947,1504,363,830,674,287,18,-42.0
868,1802,1184,250,868,316,66,0,0.0
494,789,419,74,394,25,1,0,50.0
829,1619,1016,207,790,226,39,1,19.0
722,1225,684,126,612,72,1,0,55.0
688,1174,659,122,586,73,2,0,51.0
790,1447,862,168,716,146,15,0,37.0
729,1942,1716,500,432,1284,1078,291,3.0
822,1827,1269,281,852,417,123,4,-17.0
646,1077,595,109,536,59,5,0,55.0
833,1957,1417,325,884,533,189,13,-32.0
80,120,60,10,60,0,0,0,10.0
849,1916,1333,294,902,431,112,3,-28.0
837,1753,1157,245,844,313,65,1,-4.0
781,1961,1506,363,834,672,293,21,-37.0
822,1853,1300,290,860,440,133,4,-21.0
842,1751,1151,243,844,307,63,0,-1.0
783,1976,1517,364,850,667,276,13,-40.0
478,787,430,78,392,38,3,0,43.0
836,1696,1089,225,828,261,40,0,4.0
767,1943,1529,379,784,745,375,35,-26.0
768,1358,783,148,678,105,2,0,45.0
777,1890,1412,332,832,580,226,11,-33.0
484,786,424,76,392,32,2,0,46.0
792,1532,950,191,754,196,24,0,19.0
726,1955,1686,464,588,1098,779,152,-7.0
925,1923,1268,269,922,346,79,1,1.0
860,1846,1234,263,890,344,66,0,-15.0
774,1515,956,196,736,220,43,0,19.0
771,1944,1480,352,848,632,248,13,-45.0
862,1866,1259,271,892,367,82,2,-16.0
688,1178,665,124,586,79,6,0,51.0
831,1758,1175,252,838,337,82,1,-4.0
729,1940,1701,485,492,1209,956,227,5.0
752,1390,831,162,690,141,10,0,31.0
720,1292,756,145,642,114,8,0,39.0
394,621,326,57,310,16,1,0,42.0
796,1444,853,165,716,137,12,0,40.0
815,1851,1304,292,856,448,139,7,-24.0
870,1767,1136,235,862,274,43,0,4.0
804,1938,1436,335,862,574,214,8,-33.0
751,1903,1477,360,794,683,315,27,-35.0
797,1953,1449,337,876,573,201,9,-44.0
868,1758,1130,234,856,274,46,0,6.0
788,1502,918,182,744,174,14,0,22.0
838,1587,968,192,784,184,19,0,27.0
764,1384,819,159,684,135,16,0,40.0
751,1930,1523,376,790,733,350,25,-32.0
739,1954,1641,437,660,981,634,101,-11.0
782,1587,1018,210,776,242,35,0,3.0
756,1954,1559,390,778,781,398,36,-29.0
656,1122,631,117,560,71,2,0,48.0
794,1439,849,164,714,135,11,0,40.0
598,1045,599,113,520,79,5,0,39.0
748,1942,1596,416,696,900,550,80,-14.0
847,1910,1344,301,882,462,146,5,-20.0
853,1876,1288,282,884,404,108,3,-17.0
807,1942,1457,346,838,619,266,17,-24.0
820,1888,1368,316,840,528,208,12,-16.0
442,737,406,74,368,38,1,0,37.0
814,1555,962,194,760,202,35,0,27.0
786,1977,1515,364,846,669,285,20,-40.0
848,1831,1227,262,882,345,67,2,-18.0
809,1881,1347,305,864,483,153,5,-30.0
824,1812,1247,274,850,397,112,4,-15.0
798,1415,820,156,704,116,7,0,47.0
786,1443,861,168,714,147,15,0,36.0
866,1617,974,191,802,172,13,0,32.0
456,724,382,67,362,20,0,0,47.0
852,1850,1250,269,886,364,78,0,-17.0
738,1391,845,167,688,157,15,0,25.0
824,1858,1285,281,884,401,90,0,-30.0
798,1898,1397,326,838,559,222,18,-29.0
878,1972,1368,301,930,438,112,2,-27.0
829,1731,1142,242,832,310,67,1,-2.0
448,712,376,66,356,20,0,0,46.0
745,1976,1605,406,774,831,428,35,-32.0
854,1732,1120,234,836,284,60,2,8.0
722,1949,1639,433,680,959,589,84,-21.0
789,1891,1402,329,830,572,231,17,-29.0
813,1887,1353,307,864,489,159,5,-28.0
725,1942,1712,493,466,1246,1010,255,2.0
782,1533,967,198,746,221,41,0,18.0
742,1965,1634,428,700,934,565,76,-17.0
836,1710,1116,235,822,294,66,0,7.0
396,642,346,62,320,26,2,0,38.0
731,1949,1594,408,740,854,469,55,-32.0
786,1849,1348,311,830,518,189,8,-26.0
308,484,253,44,242,11,0,0,33.0
798,1952,1465,346,854,611,244,14,-35.0
725,1929,1650,450,600,1050,729,133,-4.0
732,1955,1670,455,610,1060,735,138,-8.0
886,1739,1088,220,856,232,27,0,15.0
850,1519,889,171,752,137,15,0,49.0
741,1949,1560,390,780,780,389,37,-38.0
810,1875,1334,300,868,466,139,4,-31.0
680,1134,625,114,566,59,2,0,57.0
746,1951,1628,435,646,982,659,124,-12.0
740,1894,1472,358,796,676,302,24,-40.0
804,1917,1419,333,840,579,237,18,-27.0
728,1944,1712,494,460,1252,1024,264,2.0
803,1776,1224,269,834,390,108,5,-18.0
821,1729,1149,245,828,321,73,1,-4.0
876,1896,1281,276,906,375,84,0,-15.0
812,1959,1476,352,840,636,279,18,-23.0
863,1872,1272,276,888,384,96,1,-13.0
747,1959,1611,419,708,903,543,79,-20.0
232,380,206,37,190,16,0,0,21.0
758,1969,1562,388,796,766,377,36,-37.0
835,1844,1280,284,856,424,132,5,-13.0
873,1832,1211,257,880,331,72,3,-5.0
841,1966,1433,332,874,559,218,15,-24.0
797,1948,1454,341,862,592,224,11,-38.0
594,989,544,99,494,50,1,0,50.0
879,1882,1261,270,902,359,78,1,-12.0
845,1859,1274,278,880,394,99,1,-18.0
710,1251,720,136,624,96,3,0,43.0
776,1322,743,138,658,85,6,0,59.0
826,1792,1207,259,860,347,72,2,-18.0
724,1951,1678,459,602,1076,747,138,-8.0
793,1899,1374,312,876,498,147,5,-44.0
288,460,244,43,230,14,0,0,29.0
856,1754,1137,237,852,285,50,0,2.0
769,1955,1536,380,792,744,371,37,-30.0
612,996,537,96,498,39,0,0,57.0
784,1458,877,172,722,155,14,0,31.0
124,188,95,16,94,1,0,0,15.0
784,1973,1510,362,848,662,277,18,-41.0
844,1770,1162,244,860,302,50,0,-8.0
136,208,106,18,104,2,0,0,16.0
868,1558,914,176,772,142,14,0,48.0
532,876,477,86,438,39,0,0,47.0
773,1967,1522,368,836,686,295,17,-40.0
825,1934,1398,320,876,522,182,11,-31.0
524,872,479,87,436,43,0,0,44.0
388,628,337,60,314,23,0,0,37.0
720,1937,1641,440,642,999,653,110,-16.0
871,1886,1279,277,896,383,94,1,-13.0
762,1517,964,198,740,224,37,0,11.0
526,853,459,82,426,33,1,0,50.0
668,1170,672,127,582,90,6,0,43.0
738,1953,1632,431,678,954,597,88,-14.0
805,1849,1314,296,852,462,145,5,-26.0
554,905,490,88,452,38,1,0,51.0
812,1843,1282,282,872,410,99,2,-31.0
849,1887,1297,283,896,401,95,1,-24.0
794,1859,1330,300,860,470,139,4,-35.0
796,1602,1028,213,778,250,46,0,9.0
729,1936,1615,425,680,935,576,83,-17.0
850,1845,1252,271,878,374,89,0,-14.0
848,1860,1279,281,872,407,116,4,-14.0
765,1989,1604,407,766,838,457,53,-27.0
876,1664,1013,200,826,187,12,0,25.0
837,1705,1103,230,826,277,53,1,5.0
360,572,302,53,286,16,0,0,37.0
744,1949,1607,420,694,913,561,86,-18.0
781,1937,1486,360,812,674,313,29,-30.0
767,1951,1540,384,776,764,399,47,-28.0
763,1939,1506,367,810,696,319,27,-37.0
920,1828,1156,236,896,260,36,0,12.0
754,1935,1562,400,724,838,487,68,-19.0
862,1707,1080,221,834,246,39,0,14.0
848,1790,1185,251,864,321,62,0,-8.0
804,1814,1269,282,846,423,122,4,-23.0
204,312,159,27,156,3,0,0,24.0
765,1951,1533,378,798,735,355,29,-31.0
866,1799,1177,247,872,305,55,0,-3.0
772,1911,1445,343,832,613,247,14,-37.0
852,1602,974,193,790,184,22,0,31.0
392,632,338,60,316,22,0,0,38.0
746,1910,1494,366,792,702,326,26,-36.0
808,1912,1379,313,880,499,152,4,-38.0
800,1965,1476,348,864,612,237,10,-37.0
706,1237,710,134,616,94,5,0,45.0
844,1536,909,176,762,147,12,0,41.0
614,1023,564,103,510,54,3,0,52.0
400,640,340,60,320,20,0,0,40.0
747,1947,1554,388,780,774,387,35,-34.0
731,1918,1570,405,710,860,498,65,-22.0
798,1827,1304,296,832,472,163,8,-21.0
784,1957,1472,347,862,610,233,18,-48.0
773,1978,1518,364,852,666,274,23,-51.0
828,1682,1082,224,820,262,42,0,4.0
788,1963,1506,364,828,678,307,26,-33.0
116,176,89,15,88,1,0,0,14.0
224,344,176,30,172,4,0,0,26.0
853,1841,1249,271,872,377,97,1,-10.0
814,1860,1313,294,862,451,136,6,-27.0
835,1924,1357,302,902,455,120,1,-34.0
216,332,170,29,166,4,0,0,25.0
0,0,0,0,0,0,0,0,0.0
712,1936,1680,465,570,1110,796,160,-9.0
610,1013,556,101,506,50,1,0,52.0
836,1728,1125,235,840,285,48,0,-2.0
814,1457,849,162,726,123,5,0,44.0
872,1800,1176,247,870,306,60,0,1.0
897,1671,1009,199,824,185,23,1,36.0
820,1568,967,194,770,197,28,0,25.0
825,1859,1308,293,858,450,143,5,-19.0
740,1940,1641,445,612,1029,716,136,-4.0
727,1951,1690,471,554,1136,843,183,-5.0
847,1940,1379,311,892,487,156,5,-25.0
782,1989,1534,370,848,686,293,20,-43.0
816,1686,1105,233,812,293,62,0,2.0
831,1831,1267,280,854,413,123,3,-13.0
730,1945,1725,507,408,1317,1129,316,3.0
236,368,191,33,184,7,0,0,26.0
852,1988,1417,319,920,497,148,8,-38.0
847,1736,1130,237,838,292,60,1,4.0
722,1253,712,133,626,86,1,0,48.0
815,1943,1419,326,882,537,179,3,-35.0
448,720,384,68,360,24,0,0,44.0
400,636,336,59,318,18,0,0,41.0
846,1557,929,181,772,157,13,0,37.0
767,1944,1501,362,830,671,284,13,-38.0
868,1842,1228,262,884,344,74,0,-8.0
756,1956,1572,397,762,810,432,44,-25.0
832,1622,1013,205,796,217,30,0,18.0
814,1563,970,196,764,206,35,0,25.0
746,1311,753,142,654,99,3,0,46.0
834,1531,915,179,756,159,19,0,39.0
852,1596,969,192,786,183,24,0,33.0
800,1418,823,157,704,119,10,0,48.0
8,12,6,1,6,0,0,0,1.0
732,1954,1660,447,638,1022,678,112,-9.0
793,1936,1463,348,838,625,260,11,-28.0
847,1937,1368,306,900,468,137,3,-28.0
738,1962,1647,437,672,975,618,94,-14.0
729,1944,1723,504,422,1301,1100,299,4.0
658,1089,596,108,544,52,1,0,57.0
570,961,534,98,480,54,1,0,45.0
692,1198,682,128,596,86,6,0,48.0
260,404,209,36,202,7,0,0,29.0
894,1852,1212,255,894,318,64,2,-1.0
728,1946,1697,476,538,1159,870,184,3.0
903,1814,1159,239,884,275,46,1,9.0
832,1640,1034,211,802,232,36,0,15.0
731,1950,1614,419,714,900,522,65,-24.0
806,1595,1008,206,780,228,35,0,13.0
528,844,448,79,422,26,0,0,53.0
731,1960,1615,416,734,881,492,57,-30.0
842,1824,1246,273,854,392,116,6,-9.0
752,1366,805,155,680,125,6,0,36.0
821,1942,1405,320,890,515,162,3,-36.0
890,1787,1139,234,874,265,39,0,8.0
762,1976,1576,395,782,794,412,46,-33.0
844,1596,973,193,788,185,20,0,28.0
822,1816,1250,274,856,394,104,2,-18.0
820,1942,1425,331,864,561,214,12,-28.0
580,974,540,99,486,54,2,0,47.0
884,1830,1196,251,886,310,58,0,-1.0
814,1593,1003,205,776,227,41,0,19.0
802,1880,1360,311,854,506,172,6,-29.0
172,280,151,27,140,11,0,0,16.0
888,1682,1025,203,832,193,18,0,28.0
780,1882,1397,327,832,565,218,12,-32.0
832,1494,875,168,742,133,10,0,45.0
876,1674,1032,207,822,210,30,0,27.0
784,1897,1405,327,848,557,201,6,-35.0
851,1922,1342,297,902,440,118,1,-26.0
791,1963,1489,354,854,635,255,11,-37.0
777,1878,1404,332,816,588,246,19,-29.0
876,1824,1195,251,884,311,56,0,-4.0
746,1245,686,125,622,64,1,0,62.0
780,1693,1151,250,802,349,89,2,-12.0
844,1848,1251,269,888,363,72,0,-22.0
802,1491,893,174,742,151,7,0,30.0
761,1928,1489,360,818,671,292,19,-38.0
300,468,243,42,234,9,0,0,33.0
728,1940,1711,494,458,1253,1024,260,5.0
730,1941,1699,484,494,1205,953,228,4.0
736,1252,702,130,624,78,4,0,56.0
719,1946,1671,455,612,1059,722,129,-11.0
640,1096,618,115,546,72,4,0,47.0
738,1319,769,147,656,113,7,0,41.0
124,188,95,16,94,1,0,0,15.0
848,1822,1227,264,870,357,82,0,-11.0
360,572,302,53,286,16,0,0,37.0
824,1980,1456,337,890,566,200,8,-37.0
889,1719,1067,215,844,223,31,1,22.0
806,1647,1076,227,790,286,67,0,8.0
538,893,490,89,446,44,1,0,46.0
822,1842,1296,291,846,450,150,6,-15.0
861,1763,1146,240,852,294,59,1,4.0
820,1638,1042,214,800,242,38,0,10.0
496,788,416,73,394,22,0,0,51.0
858,1951,1372,306,908,464,135,4,-27.0
784,1878,1385,322,838,547,202,8,-31.0
