N0,N1,N2,Volume,Enclosing_surface,Contact_surface,TETRAVOXEL,OCTOVOXEL,MISC_Async
753,1933,1522,376,788,734,357,33,-34.0
861,1815,1198,253,878,320,59,1,-9.0
843,1892,1303,284,902,401,88,1,-30.0
863,1742,1117,231,848,269,46,1,7.0
724,1266,726,137,630,96,6,0,47.0
757,1927,1492,362,812,680,303,25,-40.0
578,975,543,100,486,57,3,0,46.0
813,1939,1401,318,894,507,151,5,-43.0
816,1865,1314,293,870,444,125,2,-28.0
88,132,66,11,66,0,0,0,11.0
808,1456,858,166,720,138,16,0,44.0
801,1623,1039,214,794,245,35,1,3.0
280,432,222,38,216,6,0,0,32.0
380,588,303,52,294,9,0,0,43.0
866,1704,1081,223,824,257,56,2,20.0
759,1942,1508,366,820,688,302,21,-41.0
817,1970,1456,339,878,578,214,11,-36.0
818,1505,898,175,746,152,13,0,36.0
826,1936,1404,322,876,528,184,6,-28.0
790,1443,854,165,718,136,7,0,36.0
859,1722,1106,230,832,274,58,1,13.0
722,1291,751,143,644,107,3,0,39.0
827,1846,1266,275,882,384,82,1,-28.0
842,1909,1353,305,876,477,157,4,-19.0
823,1758,1175,251,844,331,70,1,-11.0
638,1119,642,121,558,84,3,0,40.0
743,1912,1534,387,746,788,420,41,-22.0
846,1755,1154,244,844,310,67,0,1.0
416,652,340,59,326,14,0,0,45.0
726,1951,1612,416,728,884,495,56,-29.0
824,1708,1108,230,836,272,36,0,-6.0
739,1970,1629,423,720,909,530,69,-25.0
843,1754,1154,244,844,310,66,1,-1.0
826,1399,781,144,698,83,3,0,64.0
794,1457,868,169,722,146,13,0,36.0
727,1944,1722,501,438,1284,1068,281,4.0
656,1126,635,118,562,73,2,0,47.0
731,1932,1588,410,716,872,500,61,-23.0
811,1876,1334,300,868,466,140,5,-31.0
768,1938,1500,365,810,690,318,28,-35.0
799,1536,952,192,752,200,32,1,23.0
774,1379,804,154,684,120,11,0,45.0
878,1877,1255,268,902,353,73,0,-12.0
853,1823,1224,263,870,354,83,1,-9.0
787,1822,1293,290,846,447,130,5,-32.0
766,1415,850,167,698,152,19,0,34.0
758,1899,1472,359,790,682,319,24,-28.0
869,1866,1259,272,886,373,94,3,-10.0
786,2002,1553,377,844,709,314,22,-40.0
836,1768,1174,250,848,326,72,4,-8.0
739,1960,1631,427,700,931,560,73,-17.0
758,1963,1559,388,790,769,383,36,-34.0
862,1623,990,197,798,192,27,0,32.0
788,1436,849,164,714,135,8,0,37.0
852,1664,1041,211,816,225,32,0,18.0
850,1773,1158,242,864,294,45,0,-7.0
849,1737,1128,236,840,288,57,1,4.0
887,1796,1158,241,870,288,56,1,8.0
854,1557,925,180,770,155,17,0,42.0
867,1658,1024,206,812,212,34,1,27.0
858,1793,1180,249,866,314,61,0,-4.0
756,1944,1541,384,778,763,388,40,-31.0
792,1552,978,200,756,222,40,0,18.0
340,528,273,47,264,9,0,0,38.0
837,1653,1043,213,808,235,37,1,14.0
817,1961,1429,327,896,533,169,5,-42.0
728,1940,1714,501,422,1292,1096,304,1.0
813,1858,1311,293,864,447,130,3,-27.0
823,1712,1120,235,830,290,52,1,-4.0
830,1920,1383,316,870,513,180,6,-23.0
758,1349,783,149,672,111,5,0,43.0
728,1947,1689,473,540,1149,867,194,-3.0
838,1748,1160,248,832,328,84,2,2.0
842,1497,868,165,746,122,5,0,48.0
831,1863,1289,283,880,409,103,3,-26.0
860,1738,1116,231,846,270,46,0,7.0
761,1933,1478,353,838,640,257,17,-47.0
582,949,513,92,474,39,1,0,54.0
849,1937,1371,308,894,477,149,5,-25.0
848,1756,1152,243,846,306,64,0,1.0
798,1365,769,143,680,89,5,0,59.0
729,1941,1710,492,468,1242,1005,249,6.0
640,1092,614,114,544,70,4,0,48.0
792,1942,1443,336,870,573,202,8,-43.0
782,1437,859,168,710,149,17,0,36.0
843,1785,1205,262,838,367,109,3,1.0
516,848,461,83,424,37,0,0,46.0
723,1959,1663,443,668,995,623,87,-16.0
844,1694,1078,221,830,248,34,0,7.0
758,1930,1485,358,822,663,286,26,-45.0
512,824,440,78,412,28,0,0,50.0
792,1860,1348,309,842,506,176,8,-29.0
841,1935,1376,310,892,484,151,5,-28.0
818,1928,1390,316,884,506,160,6,-36.0
732,1940,1634,436,652,982,636,100,-10.0
814,1523,920,181,754,166,15,0,30.0
616,1028,568,104,512,56,4,0,52.0
818,1465,854,163,730,124,5,0,44.0
822,1880,1327,297,872,455,136,6,-28.0
492,812,443,80,406,37,0,0,43.0
785,1880,1386,323,834,552,212,15,-32.0
803,1933,1410,323,882,528,169,7,-43.0
858,1874,1274,276,892,382,90,2,-18.0
618,1033,570,104,516,54,1,0,51.0
820,1646,1056,219,798,258,50,0,11.0
916,1818,1152,236,888,264,42,0,14.0
382,613,327,58,306,21,1,0,38.0
724,1946,1716,493,474,1242,998,248,1.0
830,1739,1152,245,834,318,71,0,-2.0
772,1982,1556,383,814,742,354,32,-37.0
800,1899,1388,320,856,532,187,6,-31.0
845,1739,1134,238,840,294,59,1,2.0
863,1882,1275,275,900,375,82,1,-19.0
408,648,342,60,324,18,0,0,42.0
736,1420,882,178,696,186,28,0,20.0
284,440,227,39,220,7,0,0,32.0
842,1836,1245,269,876,369,84,2,-18.0
769,1963,1567,394,770,797,423,41,-21.0
787,1898,1390,320,860,530,178,9,-41.0
482,777,416,74,388,28,1,0,47.0
824,1963,1456,343,854,602,255,22,-26.0
798,1926,1434,337,846,588,234,14,-31.0
791,1971,1488,352,864,624,243,15,-44.0
600,964,514,91,482,32,0,0,59.0
786,1439,857,167,712,145,15,0,37.0
852,1646,1022,206,808,214,30,0,22.0
694,1177,657,121,588,69,1,0,53.0
598,1001,553,101,500,53,1,0,49.0
808,1939,1413,323,888,525,163,2,-41.0
860,1708,1083,222,834,249,40,0,13.0
864,1596,956,187,790,166,16,0,37.0
823,1878,1335,302,858,477,162,9,-22.0
762,1960,1530,374,816,714,328,30,-42.0
846,1755,1150,242,848,302,59,0,-1.0
834,1703,1097,227,832,265,39,0,1.0
748,1292,733,137,644,89,4,0,52.0
793,1814,1286,289,838,448,138,3,-24.0
821,1800,1224,265,858,366,84,3,-20.0
822,1593,985,197,788,197,17,0,17.0
757,1951,1576,404,728,848,495,73,-22.0
731,1944,1674,460,588,1086,768,141,1.0
774,1357,779,147,676,103,5,0,49.0
634,1063,589,108,530,59,3,0,52.0
817,1885,1341,302,870,471,145,5,-29.0
767,1951,1514,368,820,694,311,23,-38.0
848,1748,1132,235,854,278,40,0,-3.0
761,1983,1578,392,804,774,375,29,-36.0
761,1948,1525,373,812,713,324,19,-35.0
753,1937,1549,390,758,791,421,45,-25.0
812,1983,1464,339,894,570,195,10,-46.0
680,1158,649,120,578,71,2,0,51.0
839,1898,1331,296,886,445,126,1,-24.0
729,1943,1631,433,664,967,615,97,-16.0
870,1569,919,176,782,137,5,0,44.0
771,1954,1493,356,850,643,254,13,-46.0
838,1699,1088,224,832,256,35,0,3.0
771,1980,1521,364,858,663,264,17,-52.0
806,1941,1414,323,890,524,161,4,-44.0
766,1349,779,148,670,109,9,0,48.0
841,1888,1319,293,880,439,128,3,-21.0
726,1275,734,139,634,100,7,0,46.0
753,1401,848,168,688,160,25,1,32.0
792,1498,919,184,734,185,30,0,29.0
846,1862,1277,279,880,397,102,2,-18.0
862,1675,1038,208,828,210,19,0,17.0
727,1945,1705,485,500,1205,945,223,2.0
828,1776,1183,251,860,323,56,0,-16.0
438,709,381,68,354,27,1,0,42.0
862,1703,1072,218,836,236,31,0,13.0
741,1939,1596,415,702,894,535,73,-17.0
570,979,553,103,488,65,3,0,41.0
760,1958,1558,388,788,770,382,28,-28.0
770,1483,925,188,722,203,39,0,24.0
819,1817,1257,277,852,405,113,3,-18.0
830,1911,1359,306,882,477,147,4,-28.0
741,1955,1602,412,732,870,491,57,-24.0
408,644,338,59,322,16,0,0,43.0
731,1977,1646,428,724,922,529,63,-28.0
770,1343,769,145,668,101,7,0,51.0
628,1108,639,121,552,87,4,0,38.0
858,1958,1382,309,910,472,138,2,-27.0
830,1847,1273,279,872,401,103,4,-23.0
32,48,24,4,24,0,0,0,4.0
740,1952,1645,442,638,1007,676,120,-9.0
743,1960,1634,432,676,958,608,97,-15.0
791,1943,1451,340,862,589,219,11,-41.0
748,1966,1621,423,704,917,558,84,-20.0
744,1962,1615,417,728,887,506,56,-20.0
853,1701,1081,222,830,251,41,1,11.0
841,1921,1344,297,906,438,109,1,-33.0
712,1286,759,147,636,123,14,0,38.0
806,1485,885,172,738,147,9,0,34.0
878,1819,1196,253,874,322,71,0,2.0
816,1508,900,175,750,150,8,0,33.0
870,1629,987,195,804,183,21,0,33.0
829,1953,1414,323,890,524,173,5,-33.0
878,1897,1286,279,898,388,101,4,-12.0
292,444,225,38,222,3,0,0,35.0
797,1834,1295,289,856,439,122,3,-31.0
765,1953,1543,382,794,749,365,25,-27.0
746,1961,1609,416,722,887,517,68,-22.0
722,1949,1692,468,576,1116,797,152,-3.0
826,1869,1321,297,860,461,149,4,-19.0
731,1958,1634,428,700,934,558,73,-21.0
794,1945,1444,336,872,572,201,8,-43.0
729,1944,1712,494,460,1252,1024,263,3.0
870,1697,1057,213,836,221,25,0,17.0
288,436,220,37,218,2,0,0,35.0
851,1883,1304,288,880,424,123,3,-16.0
92,140,71,12,70,1,0,0,11.0
368,568,292,50,284,8,0,0,42.0
866,1747,1119,231,852,267,43,0,7.0
879,1873,1248,266,900,348,73,3,-12.0
842,1601,980,195,790,190,21,0,26.0
846,1677,1059,216,822,237,33,0,12.0
737,1948,1631,434,658,973,632,107,-14.0
742,1958,1610,416,724,886,510,62,-22.0
775,1930,1467,350,834,633,262,17,-38.0
735,1961,1635,428,702,933,557,71,-19.0
851,1941,1366,305,902,464,137,7,-29.0
882,1826,1196,252,880,316,66,2,0.0
822,1619,1024,210,788,236,43,0,17.0
856,1903,1311,287,900,411,103,2,-23.0
856,1616,984,195,798,186,20,0,29.0
727,1945,1723,501,440,1283,1065,279,4.0
797,1857,1331,302,850,481,157,9,-31.0
686,1165,653,121,580,73,5,0,53.0
729,1949,1654,444,644,1010,661,105,-10.0
722,1929,1642,444,620,1022,689,120,-9.0
812,1944,1437,336,858,579,228,16,-31.0
802,1892,1373,315,856,517,180,10,-32.0
808,1554,959,192,766,193,22,0,21.0
876,1820,1189,249,884,305,52,0,-4.0
284,436,223,38,218,5,0,0,33.0
757,1954,1554,388,780,774,394,39,-31.0
814,1906,1376,314,868,508,170,6,-30.0
752,1935,1542,386,768,774,399,38,-27.0
843,1834,1246,270,872,374,90,1,-15.0
860,1690,1070,220,820,250,50,0,20.0
743,1957,1600,412,728,872,501,67,-26.0
791,1919,1422,331,858,564,203,7,-37.0
750,1939,1528,378,788,740,363,40,-39.0
730,1942,1637,436,658,979,626,94,-11.0
837,1623,1016,207,790,226,43,1,23.0
636,1062,586,107,530,56,2,0,53.0
666,1173,676,128,584,92,5,0,41.0
804,1902,1387,319,860,527,182,4,-30.0
722,1934,1607,418,706,901,522,62,-23.0
738,1423,881,177,700,181,23,0,19.0
776,1936,1481,357,820,661,296,28,-36.0
728,1926,1648,451,590,1058,746,140,-1.0
846,1863,1278,279,882,396,99,0,-18.0
868,1682,1050,213,822,228,38,0,23.0
284,448,235,41,224,11,0,0,30.0
192,292,148,25,146,2,0,0,23.0
852,1805,1209,260,858,351,89,2,-4.0
744,1891,1477,362,782,695,327,26,-32.0
753,1947,1536,379,798,738,351,29,-37.0
654,1067,578,104,532,46,3,0,61.0
801,1943,1445,339,856,589,231,17,-36.0
850,1863,1278,280,876,402,111,4,-15.0
723,1944,1684,464,584,1100,776,141,-1.0
751,1981,1584,394,804,780,373,27,-40.0
882,1717,1070,216,844,226,29,0,19.0
781,1962,1489,353,860,629,242,11,-45.0
248,392,206,36,196,10,0,0,26.0
804,1638,1054,218,800,254,38,0,2.0
786,1950,1478,351,850,628,250,10,-37.0
864,1813,1200,255,870,330,73,2,-4.0
736,1945,1664,454,604,1060,737,130,1.0
831,1913,1358,305,886,472,141,3,-29.0
732,1946,1591,408,734,857,478,60,-31.0
837,1869,1289,282,886,403,97,1,-25.0
196,300,153,26,150,3,0,0,23.0
862,1910,1328,296,880,448,150,14,-16.0
304,476,248,43,238,10,0,0,33.0
795,1903,1408,330,836,572,231,19,-30.0
763,1922,1470,352,828,642,266,17,-41.0
870,1665,1025,205,820,205,25,0,25.0
810,1796,1235,270,850,385,96,2,-21.0
846,1805,1211,260,862,349,81,0,-8.0
754,1932,1542,389,750,792,432,54,-25.0
898,1799,1147,236,878,269,43,0,10.0
760,1408,842,164,700,142,8,0,30.0
568,884,458,79,442,16,0,0,63.0
792,1973,1492,353,866,626,241,10,-42.0
734,1954,1629,430,678,951,598,98,-21.0
840,1500,876,168,744,132,12,0,48.0
16,24,12,2,12,0,0,0,2.0
682,1167,657,122,582,75,3,0,50.0
854,1557,925,180,770,155,17,0,42.0
881,1881,1264,272,896,368,89,1,-8.0
744,1977,1628,420,736,892,505,58,-25.0
834,1899,1334,297,886,448,127,4,-28.0
792,1752,1205,264,826,379,100,4,-19.0
826,1553,942,186,768,174,17,0,29.0
786,1463,881,173,724,157,15,0,31.0
868,1814,1200,255,870,330,74,0,-1.0
728,1945,1720,500,440,1280,1065,282,3.0
725,1937,1646,442,640,1006,657,101,-8.0
830,1879,1332,301,858,474,163,8,-18.0
678,1217,713,137,604,109,9,0,37.0
804,1877,1344,304,864,480,149,6,-33.0
783,1960,1507,365,824,683,312,29,-35.0
826,1689,1092,227,822,270,45,0,2.0
828,1552,939,185,768,171,16,0,30.0
576,950,519,94,474,45,2,0,51.0
610,1009,552,100,504,48,1,0,53.0
562,937,516,94,468,48,1,0,47.0
852,1809,1199,254,874,325,61,2,-12.0
512,828,444,79,414,30,0,0,49.0
734,1949,1694,476,532,1162,885,196,3.0
800,1948,1458,344,852,606,244,16,-34.0
806,1593,1003,204,782,221,29,0,12.0
785,1902,1423,336,830,593,242,15,-30.0
814,1567,966,193,774,192,19,0,20.0
801,1664,1101,235,792,309,80,3,3.0
810,1567,975,197,768,207,31,0,21.0
540,894,490,89,446,44,2,0,47.0
746,1962,1588,403,758,830,446,50,-31.0
762,1319,749,140,658,91,3,0,52.0
304,480,252,44,240,12,0,0,32.0
849,1954,1370,303,922,448,110,3,-38.0
820,1598,998,202,784,214,30,0,18.0
713,1933,1628,431,670,958,593,89,-23.0
842,1589,968,192,784,184,21,0,29.0
846,1789,1183,250,866,317,57,0,-10.0
730,1289,744,141,642,102,5,0,44.0
464,744,396,70,372,24,0,0,46.0
844,1564,937,183,776,161,12,0,34.0
855,1788,1172,246,868,304,52,1,-7.0
727,1943,1692,477,522,1170,899,207,-1.0
738,1958,1570,391,794,776,370,26,-41.0
740,1262,708,131,630,78,2,0,55.0
757,1965,1560,388,792,768,381,37,-36.0
650,1113,628,117,554,74,5,0,48.0
762,1969,1546,379,818,728,333,24,-40.0
494,809,439,79,404,35,1,0,45.0
838,1647,1040,213,802,238,43,0,18.0
744,1373,824,162,676,148,21,2,33.0
844,1634,1014,204,804,210,26,0,20.0
878,1861,1235,262,898,337,65,0,-10.0
420,680,365,65,340,25,0,0,40.0
875,1748,1115,230,850,265,48,1,12.0
732,1945,1598,411,730,868,485,54,-26.0
724,1260,719,135,628,91,4,0,48.0
743,1378,831,164,678,153,22,1,32.0
737,1958,1624,424,704,920,550,75,-21.0
256,400,208,36,200,8,0,0,28.0
800,1929,1422,330,864,558,201,10,-37.0
857,1849,1244,267,886,358,77,1,-15.0
842,1683,1069,219,824,245,35,0,9.0
725,1955,1665,449,636,1029,683,117,-14.0
860,1738,1114,230,848,266,42,0,6.0
816,1752,1178,253,838,340,76,0,-11.0
754,1359,797,153,676,121,7,0,39.0
873,1853,1240,266,884,356,85,1,-6.0
751,1910,1470,353,822,648,266,13,-42.0
156,236,119,20,118,1,0,0,19.0
868,1752,1121,231,856,265,40,0,6.0
722,1952,1646,436,676,970,600,86,-20.0
838,1763,1162,245,854,308,55,0,-8.0
814,1465,861,166,726,135,13,0,44.0
856,1879,1287,281,888,399,103,2,-17.0
824,1942,1418,328,868,550,206,12,-28.0
722,1958,1686,461,606,1080,746,138,-11.0
859,1656,1031,209,808,223,40,1,25.0
734,1940,1663,458,578,1085,784,158,-1.0
852,1746,1136,238,844,292,58,0,4.0
140,212,107,18,106,1,0,0,17.0
737,1940,1549,385,788,761,364,27,-39.0
872,1822,1191,249,888,303,46,0,-8.0
768,1364,792,151,678,114,8,0,45.0
784,1430,847,164,710,137,10,0,37.0
800,1476,882,172,732,150,12,0,34.0
842,1703,1091,225,832,259,39,0,5.0
831,1526,911,178,754,157,18,1,38.0
806,1499,908,180,736,172,27,0,35.0
164,248,125,21,124,1,0,0,20.0
827,1834,1275,283,852,423,130,5,-15.0
779,1946,1479,353,840,639,266,21,-41.0
798,1525,935,186,754,181,17,0,22.0
833,1793,1208,260,856,352,81,1,-12.0
778,1435,859,168,710,149,15,0,34.0
460,728,383,67,364,19,0,0,48.0
872,1782,1147,237,872,275,38,0,0.0
822,1633,1037,213,796,241,41,0,13.0
741,1933,1538,382,784,754,365,29,-36.0
871,1796,1168,244,872,296,52,1,-1.0
812,1536,945,190,750,195,36,0,31.0
846,1875,1311,293,864,447,147,4,-11.0
736,1934,1552,390,764,788,406,44,-36.0
874,1922,1321,290,902,419,118,6,-17.0
729,1944,1724,507,406,1318,1132,319,2.0
878,1685,1039,208,830,209,25,0,24.0
762,1996,1589,394,814,775,368,26,-39.0
820,1506,900,176,744,156,18,0,38.0
746,1337,780,149,666,114,5,0,40.0
728,1939,1707,491,468,1239,1003,250,5.0
841,1849,1260,273,882,378,85,1,-21.0
874,1891,1271,272,910,361,71,0,-18.0
762,1988,1620,415,750,870,488,54,-21.0
859,1652,1025,207,808,217,36,1,25.0
821,1641,1051,218,794,257,53,1,13.0
765,1981,1558,383,818,740,345,29,-41.0
808,1392,788,147,694,94,4,0,57.0
810,1573,980,198,772,208,29,0,19.0
610,1045,588,109,522,66,1,0,44.0
818,1645,1046,214,808,238,29,0,5.0
731,1944,1667,458,586,1081,772,153,-4.0
706,1267,745,144,626,119,15,0,40.0
700,1190,666,123,594,72,2,0,53.0
392,620,326,57,310,16,0,0,41.0
824,1720,1139,243,820,319,80,4,0.0
678,1221,715,137,608,107,5,0,35.0
879,1828,1206,256,876,330,76,1,1.0
729,1954,1623,422,714,909,526,63,-24.0
530,869,472,85,434,38,1,0,48.0
680,1138,631,116,566,65,6,0,57.0
837,1901,1330,295,890,440,121,5,-29.0
832,1588,972,193,786,186,16,0,23.0
852,1701,1083,223,828,255,45,2,11.0
810,1955,1432,329,890,542,175,4,-42.0
758,1381,819,159,684,135,13,0,37.0
862,1824,1220,262,868,352,88,2,-4.0
822,1954,1418,324,892,526,170,6,-38.0
808,1956,1458,343,858,600,240,16,-33.0
777,1930,1457,345,844,613,242,15,-41.0
872,1746,1109,227,856,253,34,0,8.0
692,1190,672,125,594,78,2,0,49.0
834,1563,945,186,774,171,15,0,30.0
680,1214,707,135,604,103,6,0,38.0
903,1792,1138,234,872,266,48,1,15.0
839,1965,1416,323,894,522,177,11,-33.0
820,1893,1337,298,886,451,121,2,-34.0
857,1885,1282,277,902,380,81,1,-23.0
816,1861,1302,288,876,426,109,2,-31.0
806,1617,1031,212,790,241,37,0,8.0
744,1964,1612,415,734,878,496,56,-23.0
760,1944,1518,372,804,714,336,32,-38.0
856,1798,1193,254,862,331,74,0,-3.0
805,1974,1472,345,874,598,226,15,-42.0
878,1763,1130,234,856,274,51,0,11.0
810,1501,900,176,744,156,13,0,33.0
834,1523,905,176,754,151,15,0,40.0
800,1394,795,149,696,99,2,0,52.0
836,1723,1126,237,830,296,63,2,2.0
728,1944,1718,497,454,1264,1036,264,5.0
819,1963,1429,327,896,533,171,7,-42.0
863,1812,1190,250,880,310,52,1,-9.0
728,1940,1710,496,444,1266,1052,280,2.0
809,1948,1431,330,882,549,184,3,-38.0
880,1823,1197,253,876,321,71,2,1.0
818,1942,1406,321,886,520,170,10,-39.0
562,955,535,99,476,59,3,0,43.0
853,1863,1266,274,888,378,87,1,-18.0
728,1939,1688,477,514,1174,911,214,0.0
770,1959,1534,378,800,734,359,36,-33.0
727,1939,1715,500,430,1285,1079,291,3.0
734,1940,1610,423,682,928,576,90,-19.0
822,1937,1389,314,894,495,149,8,-40.0
812,1950,1457,345,844,613,262,20,-26.0
0,0,0,0,0,0,0,0,0.0
208,316,160,27,158,2,0,0,25.0
846,1697,1091,227,820,271,57,0,13.0
796,1883,1356,307,870,486,143,2,-38.0
713,1943,1665,450,630,1035,683,113,-15.0
789,1950,1456,340,872,584,206,7,-45.0
676,1148,641,118,574,67,0,0,51.0
264,416,218,38,208,10,0,0,28.0
814,1827,1272,281,858,414,111,0,-22.0
816,1999,1500,354,876,624,247,14,-37.0
837,1929,1374,310,888,486,153,5,-28.0
690,1197,680,127,598,82,1,0,46.0
750,1989,1610,408,772,838,445,52,-37.0
836,1930,1376,311,886,490,158,8,-29.0
869,1941,1359,304,894,465,153,9,-17.0
850,1840,1241,267,880,361,80,2,-16.0
744,1298,741,139,648,93,2,0,48.0
745,1948,1544,383,790,754,368,39,-42.0
364,584,311,55,292,19,0,0,36.0
866,1663,1035,210,810,225,43,0,28.0
868,1895,1288,279,902,386,91,2,-18.0
726,1945,1710,490,480,1230,985,244,1.0
874,1777,1140,235,870,270,37,0,2.0
726,1275,734,139,634,100,7,0,46.0
784,1811,1299,296,822,477,167,10,-24.0
852,1608,979,194,794,185,20,0,29.0
618,1029,566,103,514,52,1,0,52.0
560,944,524,96,472,52,0,0,44.0
836,1542,926,182,760,166,22,0,38.0
786,1946,1457,342,862,595,222,14,-45.0
798,1587,1002,204,780,222,27,0,9.0
826,1911,1365,309,876,489,159,8,-29.0
813,1707,1128,239,822,306,63,1,-5.0
737,1942,1570,399,746,824,450,59,-34.0
866,1962,1376,306,916,460,130,2,-26.0
865,1894,1294,282,896,398,102,3,-17.0
688,1204,692,131,598,94,8,0,45.0
773,1790,1269,284,834,435,122,3,-32.0
840,1572,954,189,774,180,24,0,33.0
882,1808,1171,244,878,293,52,2,1.0
730,1952,1660,449,626,1034,700,126,-11.0
730,1940,1708,493,458,1250,1024,262,5.0
800,1904,1400,326,844,556,216,16,-30.0
769,1973,1533,373,828,705,317,29,-44.0
727,1942,1704,484,504,1200,934,213,5.0
753,1942,1558,393,758,800,426,43,-24.0
0,0,0,0,0,0,0,0,0.0
791,1902,1396,322,860,536,182,5,-37.0
204,312,159,27,156,3,0,0,24.0
867,1828,1209,256,882,327,64,1,-8.0
764,1372,803,154,682,121,8,0,41.0
774,1487,918,184,732,186,23,0,21.0
868,1680,1045,211,824,221,32,0,22.0
774,1882,1409,333,820,589,242,18,-32.0
688,1130,615,111,564,51,2,0,62.0
728,1941,1698,483,498,1200,945,226,2.0
822,1503,892,173,746,146,11,0,38.0
822,1589,981,196,786,195,17,0,18.0
816,1626,1041,216,786,255,54,0,15.0
854,1847,1254,272,876,378,95,0,-11.0
757,1954,1517,367,832,685,290,19,-47.0
768,1953,1504,362,836,668,281,18,-43.0
827,1893,1333,297,884,449,125,3,-30.0
804,1522,930,185,750,180,22,0,27.0
756,1928,1513,373,788,725,352,32,-32.0
840,1900,1335,298,882,453,136,4,-23.0
696,1216,696,131,606,90,4,0,45.0
735,1947,1573,397,764,809,419,43,-36.0
845,1841,1276,284,848,428,145,5,-4.0
717,1948,1613,417,724,889,500,63,-35.0
736,1314,765,146,654,111,6,0,41.0
762,1963,1573,398,758,815,447,56,-26.0
864,1859,1255,271,884,371,91,2,-11.0
842,1848,1278,283,858,420,132,6,-11.0
891,1708,1049,209,844,205,20,1,23.0
805,1686,1113,236,810,303,66,3,-4.0
839,1806,1213,260,866,347,74,1,-14.0
756,1946,1523,373,808,715,330,28,-40.0
803,1920,1430,338,832,598,256,21,-25.0
812,1740,1165,249,836,329,68,0,-12.0
730,1942,1718,501,430,1288,1082,290,5.0
844,1855,1274,279,874,400,107,2,-16.0
799,1960,1443,332,894,549,172,5,-50.0
356,560,293,51,280,13,0,0,38.0
866,1723,1095,225,840,255,43,0,13.0
748,1951,1595,412,718,877,515,70,-20.0
877,1877,1253,267,904,349,69,1,-14.0
787,1977,1508,361,850,658,277,23,-43.0
874,1831,1209,256,882,327,67,0,-4.0
740,1947,1591,408,734,857,479,54,-24.0
506,809,430,76,404,26,1,0,51.0
624,1038,571,104,518,53,2,0,53.0
877,1882,1269,274,894,375,94,3,-10.0
729,1943,1725,509,396,1329,1151,329,2.0
833,1794,1216,264,848,368,98,3,-9.0
758,1988,1577,390,814,763,360,30,-43.0
814,1629,1035,212,798,237,33,0,8.0
763,1913,1485,362,798,687,317,19,-27.0
806,1881,1353,308,858,495,165,8,-30.0
742,1940,1545,386,774,771,392,46,-39.0
728,1942,1715,494,466,1249,1010,248,7.0
884,1792,1153,239,872,281,48,0,6.0
196,304,157,27,152,5,0,0,22.0
300,460,235,40,230,5,0,0,35.0
802,1697,1122,237,822,300,53,0,-10.0
400,648,348,62,324,24,0,0,38.0
684,1166,654,121,582,72,2,0,51.0
628,1036,565,102,518,47,0,0,55.0
774,1399,822,158,696,126,7,0,39.0
807,1961,1458,341,870,588,221,11,-37.0
862,1853,1241,265,892,349,69,0,-15.0
516,824,437,77,412,25,0,0,52.0
838,1770,1183,254,842,341,86,2,-3.0
770,1990,1564,383,830,734,330,18,-39.0
848,1590,965,191,784,181,22,0,32.0
863,1694,1069,219,824,245,46,1,19.0
576,928,496,88,464,32,0,0,56.0
803,1644,1069,224,794,275,56,1,4.0
348,560,299,53,280,19,0,0,34.0
815,1724,1150,246,824,326,76,1,-5.0
810,1917,1390,318,872,518,173,8,-35.0
782,1947,1491,359,828,663,291,20,-33.0
776,1867,1377,320,834,543,199,10,-34.0
839,1813,1232,268,856,376,101,3,-10.0
790,1917,1410,325,870,540,177,4,-42.0
852,1626,1002,201,798,204,30,0,27.0
392,608,314,54,304,10,0,0,44.0
852,1968,1409,320,898,511,172,8,-27.0
788,1940,1433,331,880,553,180,8,-50.0
598,1011,564,104,504,60,3,0,47.0
558,935,518,95,466,52,3,0,46.0
700,1186,662,122,592,70,2,0,54.0
813,1875,1335,301,864,471,147,5,-28.0
726,1947,1696,475,542,1154,863,184,0.0
878,1812,1184,249,874,310,64,2,1.0
803,1814,1258,276,860,398,94,1,-29.0
787,1967,1488,352,864,624,239,11,-44.0
866,1811,1189,250,878,311,55,0,-6.0
841,1868,1290,284,876,414,116,7,-21.0
454,729,389,69,364,25,1,0,45.0
478,773,415,74,386,29,1,0,46.0
806,1762,1197,259,840,357,82,2,-18.0
850,1895,1305,285,900,405,95,0,-25.0
811,1836,1295,291,844,451,148,9,-21.0
828,1681,1089,228,810,279,61,2,8.0
812,1664,1083,227,804,279,56,0,4.0
344,548,290,51,274,16,0,0,35.0
806,1929,1404,322,876,528,177,12,-41.0
738,1303,753,143,648,105,7,0,45.0
823,1827,1261,277,860,401,107,3,-20.0
780,1938,1461,345,852,609,234,12,-42.0
732,1951,1679,463,580,1099,791,158,-3.0
855,1836,1242,269,870,372,96,1,-8.0
804,1902,1384,318,860,524,182,8,-32.0
706,1237,712,135,614,98,9,0,46.0
116,180,93,16,90,3,0,0,13.0
859,1756,1141,239,848,293,60,1,5.0
852,1659,1036,210,812,224,35,2,19.0
853,1819,1216,260,872,344,75,1,-10.0
784,1500,926,186,736,190,28,0,24.0
796,1885,1362,310,864,498,157,6,-37.0
576,944,512,92,472,40,0,0,52.0
868,1690,1056,214,828,228,34,0,20.0
806,1991,1494,352,876,618,239,16,-43.0
774,1391,814,156,692,122,7,0,41.0
815,1772,1194,256,852,342,68,1,-19.0
722,1253,714,134,624,90,5,0,49.0
729,1945,1723,505,416,1307,1113,309,2.0
760,1364,796,152,680,116,4,0,40.0
802,1915,1390,317,878,512,159,4,-40.0
761,1983,1597,406,758,839,467,65,-31.0
810,1854,1306,291,866,440,122,2,-29.0
830,1912,1365,309,876,489,160,6,-26.0
764,1418,854,168,700,154,18,0,32.0
16,24,12,2,12,0,0,0,2.0
824,1710,1115,233,832,283,46,0,-4.0
847,1708,1098,228,828,270,52,1,9.0
774,1297,717,131,648,69,1,0,63.0
868,1746,1120,232,848,272,50,0,10.0
800,1945,1435,332,878,557,189,6,-42.0
872,1770,1149,241,852,297,66,0,10.0
858,1593,962,190,784,178,25,0,37.0
404,652,349,62,326,23,0,0,39.0
858,1665,1036,209,818,218,29,0,20.0
888,1748,1100,224,856,244,36,0,16.0
807,1748,1182,255,834,348,80,1,-14.0
803,1815,1277,286,838,439,139,7,-21.0
708,1288,761,147,640,121,8,0,34.0
847,1768,1170,249,846,324,76,1,0.0
797,1940,1470,353,822,648,296,27,-26.0
826,1615,1007,203,796,211,23,0,15.0
672,1146,643,119,572,71,2,0,50.0
608,984,528,94,492,36,0,0,58.0
849,1823,1227,264,870,357,83,1,-11.0
872,1882,1265,271,904,361,74,0,-16.0
845,1872,1280,278,892,388,88,3,-25.0
846,1593,967,191,788,179,17,0,29.0
818,1471,863,166,730,133,11,0,44.0
791,1878,1362,311,858,504,162,5,-36.0
866,1637,1000,199,806,194,25,0,30.0
878,1747,1106,226,856,250,35,0,11.0
676,1180,677,128,586,91,8,0,45.0
728,1936,1650,449,606,1044,724,136,-7.0
792,1598,1025,212,778,247,42,0,7.0
858,1875,1285,281,884,401,107,0,-13.0
844,1846,1260,274,876,384,94,0,-16.0
850,1730,1122,235,834,288,62,2,7.0
725,1938,1638,439,642,996,654,111,-14.0
818,1895,1346,302,880,466,135,4,-33.0
746,1946,1523,371,820,703,306,22,-48.0
852,1652,1025,206,814,211,24,0,19.0
912,1774,1105,223,872,233,30,0,20.0
772,1390,816,157,690,126,10,0,41.0
564,908,485,86,454,31,0,0,55.0
892,1903,1276,274,908,368,87,2,-9.0
818,1950,1442,338,856,586,238,18,-28.0
735,1951,1647,440,654,993,643,99,-9.0
829,1882,1321,294,878,443,126,3,-26.0
624,1036,568,103,518,50,0,0,53.0
758,1964,1565,392,778,787,408,46,-33.0
849,1573,948,187,774,174,25,1,37.0
770,1904,1449,347,816,633,272,18,-32.0
850,1706,1092,226,828,264,50,2,10.0
724,1944,1681,465,572,1109,800,160,-4.0
731,1944,1713,494,462,1251,1020,257,6.0
794,1465,876,171,726,150,13,0,34.0
741,1970,1661,443,664,997,642,99,-11.0
749,1965,1595,405,760,835,445,41,-26.0
814,1937,1407,322,882,525,173,8,-38.0
732,1941,1601,413,724,877,493,50,-21.0
826,1889,1314,288,900,414,89,0,-37.0
820,1738,1148,242,844,304,50,0,-12.0
576,960,528,96,480,48,0,0,48.0
834,1895,1332,297,882,450,131,4,-26.0
840,1858,1271,276,886,385,86,0,-23.0
878,1699,1054,212,836,218,27,0,21.0
820,1606,1002,202,792,210,22,0,14.0
801,1975,1495,356,854,641,267,17,-35.0
730,1319,779,151,652,127,15,0,39.0
680,1156,648,120,576,72,4,0,52.0
766,1357,787,150,674,113,9,0,46.0
756,1380,819,159,684,135,12,0,36.0
725,1951,1621,422,710,911,531,69,-27.0
336,524,272,47,262,10,0,0,37.0
666,1105,606,110,552,54,1,0,57.0
408,640,334,58,320,14,0,0,44.0
735,1957,1641,433,684,957,589,79,-14.0
802,1505,912,180,744,168,17,0,29.0
835,1873,1295,284,886,409,101,3,-27.0
802,1557,964,193,770,194,17,0,16.0
372,580,301,52,290,11,0,0,41.0
727,1950,1698,474,552,1146,846,173,1.0
754,1979,1617,415,744,873,491,56,-23.0
620,1058,594,110,528,66,2,0,46.0
729,1942,1704,484,504,1200,934,211,7.0
766,1949,1516,371,806,710,337,36,-38.0
744,1954,1616,422,700,916,554,76,-16.0
826,1921,1380,314,876,504,169,8,-29.0
756,1871,1413,336,810,603,251,22,-38.0
817,1931,1390,315,890,500,151,5,-39.0
778,1537,966,196,756,210,25,0,11.0
680,1148,640,118,572,68,4,0,54.0
831,1714,1117,234,830,287,54,1,0.0
831,1774,1187,254,850,337,74,1,-10.0
773,1863,1373,318,838,535,187,5,-35.0
726,1261,717,134,630,87,1,0,48.0
746,1961,1600,410,740,860,481,56,-25.0
745,1925,1497,364,810,687,305,29,-47.0
755,1970,1603,411,740,863,490,61,-23.0
903,1744,1086,220,852,234,40,1,25.0
720,1950,1657,443,656,1001,638,96,-16.0
844,1884,1308,289,882,426,120,4,-21.0
837,1826,1241,269,868,373,90,3,-17.0
763,1937,1505,366,814,691,309,19,-35.0
805,1963,1477,351,848,629,267,21,-32.0
816,1703,1119,236,822,297,59,2,-4.0
512,832,448,80,416,32,0,0,48.0
819,1820,1257,276,858,399,104,1,-20.0
864,1785,1162,243,866,296,53,2,-2.0
873,1767,1135,235,860,275,47,1,6.0
744,1274,717,133,636,81,2,0,54.0
808,1488,888,173,738,150,12,0,35.0
796,1516,929,185,748,181,20,0,24.0
787,1873,1360,311,854,506,165,7,-37.0
704,1246,721,137,620,101,6,0,42.0
850,1789,1184,251,862,322,65,0,-6.0
793,1830,1300,292,848,452,134,3,-29.0
804,1454,856,165,722,134,10,0,41.0
808,1699,1119,236,822,297,55,2,-8.0
806,1636,1060,222,788,272,60,2,8.0
839,1788,1194,255,858,336,72,1,-10.0
842,1685,1070,219,826,244,33,0,8.0
845,1807,1214,261,862,352,83,1,-9.0
837,1733,1129,236,842,287,49,1,-3.0
704,1190,663,122,594,69,2,0,55.0
736,1296,748,142,644,104,8,0,46.0
834,1563,949,188,770,179,23,0,32.0
799,1930,1427,332,862,565,206,9,-36.0
796,1955,1468,346,860,608,235,10,-37.0
522,877,486,89,438,48,1,0,42.0
812,1766,1201,261,836,365,94,4,-14.0
854,1949,1367,303,916,451,117,0,-31.0
824,1604,1000,202,788,212,28,0,18.0
723,1939,1681,467,560,1121,819,167,-2.0
820,1756,1167,247,852,315,52,0,-16.0
726,1946,1654,448,620,1034,706,134,-14.0
759,1944,1534,380,788,746,368,33,-31.0
156,236,119,20,118,1,0,0,19.0
692,1226,710,135,610,100,6,0,41.0
819,1684,1097,230,814,283,56,1,2.0
782,1489,913,182,734,179,21,0,24.0
843,1915,1340,297,898,442,119,3,-29.0
816,1894,1360,309,866,494,162,4,-27.0
729,1954,1677,455,624,1053,706,111,-3.0
896,1816,1162,239,890,272,36,0,3.0
858,1771,1157,243,856,301,59,0,1.0
824,1526,915,179,756,159,14,0,34.0
857,1701,1076,220,832,244,37,1,12.0
845,1827,1230,264,876,354,75,1,-16.0
516,832,445,79,416,29,0,0,50.0
729,1943,1726,510,392,1334,1159,333,2.0
802,1581,996,203,774,222,33,0,14.0
880,1838,1201,251,896,305,46,0,-8.0
604,1004,551,100,502,49,0,0,51.0
776,1414,841,164,698,143,18,0,39.0
784,1949,1471,348,854,617,241,14,-42.0
64,96,48,8,48,0,0,0,8.0
754,1341,780,149,666,114,9,0,44.0
852,1843,1246,269,878,368,87,2,-14.0
820,1932,1405,323,872,533,188,8,-30.0
240,384,204,36,192,12,0,0,24.0
819,1886,1343,303,868,475,150,5,-27.0
822,1523,916,180,752,164,19,0,35.0
805,1929,1409,324,874,535,181,9,-39.0
830,1535,920,180,760,160,15,0,35.0
811,1863,1318,295,866,452,131,3,-29.0
728,1952,1685,464,586,1099,780,148,-3.0
835,1806,1220,263,862,358,82,1,-14.0
96,144,72,12,72,0,0,0,12.0
846,1761,1158,245,846,312,69,4,-2.0
860,1876,1290,284,876,414,124,4,-10.0
20,32,17,3,16,1,0,0,2.0
532,872,473,85,436,37,0,0,48.0
660,1150,658,124,572,86,6,0,44.0
850,1812,1217,262,862,355,88,2,-7.0
704,1234,709,134,614,95,6,0,45.0
858,1955,1380,309,906,474,143,4,-26.0
825,1711,1125,238,822,303,67,1,1.0
756,1428,873,174,702,171,24,0,27.0
729,1943,1721,503,424,1297,1095,297,4.0
112,172,88,15,86,2,0,0,13.0
870,1847,1241,268,874,367,99,4,-4.0
876,1678,1036,208,824,212,30,0,26.0
812,1943,1425,330,870,555,203,14,-36.0
725,1945,1649,441,652,997,641,97,-12.0
863,1800,1186,251,866,320,68,1,-2.0
664,1166,671,127,580,91,6,0,42.0
728,1943,1716,493,474,1242,995,238,8.0
726,1944,1700,479,526,1174,892,194,3.0
855,1854,1257,272,882,375,90,1,-14.0
794,1631,1063,223,788,275,55,0,3.0
818,1587,985,198,782,203,23,0,18.0
730,1955,1650,440,660,990,635,100,-15.0
868,1710,1072,217,842,230,26,0,13.0
734,1950,1666,455,602,1064,746,142,-5.0
845,1935,1378,312,884,494,167,9,-24.0
420,652,337,58,326,11,0,0,47.0
819,1802,1228,266,860,368,82,1,-21.0
820,1618,1016,206,796,220,26,0,12.0
396,620,323,56,310,13,0,0,43.0
622,1053,589,109,524,65,5,0,49.0
772,1911,1451,346,826,625,259,14,-34.0
817,1903,1368,311,870,498,163,5,-29.0
723,1936,1688,473,538,1150,860,181,2.0
733,1963,1590,400,780,810,403,33,-40.0
792,1450,861,167,720,141,10,0,36.0
830,1816,1234,267,866,368,84,2,-19.0
727,1936,1716,504,408,1308,1120,313,3.0
903,1900,1258,267,914,344,72,1,-6.0
798,1916,1400,322,868,532,180,10,-40.0
878,1793,1166,245,862,304,69,4,6.0
799,1861,1324,297,866,458,129,3,-35.0
800,1504,916,182,740,176,24,0,30.0
749,1965,1570,391,794,776,377,29,-37.0
827,1666,1066,220,812,254,42,1,7.0
646,1111,628,117,554,74,3,0,46.0
730,1947,1690,471,554,1136,839,172,2.0
850,1828,1217,258,886,331,56,2,-19.0
837,1824,1248,273,858,390,108,3,-12.0
802,1545,954,191,762,192,21,0,20.0
588,1000,561,104,498,63,4,0,45.0
729,1944,1727,511,388,1339,1168,339,1.0
729,1944,1728,511,390,1338,1164,335,2.0
740,1958,1612,416,728,884,502,56,-22.0
312,488,254,44,244,10,0,0,34.0
875,1860,1237,263,896,341,68,1,-11.0
750,1956,1554,386,792,762,372,34,-38.0
816,1958,1448,339,862,586,234,20,-33.0
812,1872,1324,296,872,452,128,4,-32.0
856,1762,1137,235,864,273,34,0,-4.0
508,840,459,83,420,39,0,0,44.0
851,1887,1290,280,900,390,87,3,-26.0
815,1696,1110,233,822,288,52,1,-4.0
786,1942,1459,344,854,605,234,14,-41.0
835,1778,1184,252,856,328,66,1,-11.0
728,1944,1712,490,484,1228,976,232,6.0
805,1816,1282,288,836,446,144,3,-17.0
729,1944,1721,501,436,1285,1072,283,5.0
775,1924,1453,344,842,611,240,13,-40.0
760,1948,1536,380,792,744,364,32,-32.0
766,1978,1584,401,762,822,454,62,-29.0
869,1627,986,195,802,184,23,1,33.0
244,384,201,35,192,9,0,0,26.0
884,1598,946,184,788,158,22,0,48.0
862,1691,1064,217,826,238,39,0,18.0
864,1874,1269,274,894,375,86,0,-15.0
737,1932,1553,391,760,793,412,43,-33.0
312,484,250,43,242,8,0,0,35.0
809,1912,1382,315,874,508,164,7,-36.0
770,1845,1337,304,850,487,145,4,-42.0
780,1932,1450,341,854,596,224,12,-43.0
860,1660,1031,208,814,217,32,0,23.0
731,1952,1693,470,566,1127,820,161,2.0
724,1925,1607,423,676,931,573,82,-17.0
849,1942,1364,303,910,454,122,3,-32.0
792,1941,1481,358,814,667,313,30,-26.0
779,1887,1390,322,848,542,191,11,-40.0
762,1975,1579,397,776,803,423,48,-31.0
712,1220,690,129,606,84,8,0,53.0
414,669,359,64,334,25,1,0,40.0
672,1186,685,130,590,95,6,0,41.0
884,1618,962,187,802,160,14,0,41.0
836,1928,1360,303,902,458,124,4,-35.0
801,1989,1520,365,850,670,289,17,-33.0
799,1950,1451,339,868,583,214,9,-39.0
809,1848,1297,288,866,431,116,3,-30.0
866,1629,986,194,808,178,13,0,29.0
280,444,234,41,222,12,0,0,29.0
568,920,494,88,460,34,0,0,54.0
783,1963,1505,363,832,673,299,27,-38.0
862,1697,1069,218,830,239,37,0,16.0
72,108,54,9,54,0,0,0,9.0
851,1844,1243,267,884,359,76,1,-17.0
720,1290,755,145,640,115,10,0,40.0
779,1944,1466,346,856,610,232,13,-45.0
843,1858,1273,278,878,395,102,5,-20.0
861,1665,1035,209,816,219,33,1,22.0
854,1768,1164,247,846,318,76,2,3.0
844,1560,939,185,768,171,24,0,38.0
288,452,236,41,226,10,0,0,31.0
280,436,226,39,218,8,0,0,31.0
719,1928,1647,448,606,1041,716,133,-10.0
212,320,161,27,160,1,0,0,26.0
776,1959,1527,374,810,717,339,26,-30.0
728,1948,1708,483,518,1190,912,200,5.0
738,1273,720,134,636,84,1,0,51.0
884,1939,1324,288,920,404,99,2,-19.0
870,1797,1177,248,866,311,65,0,2.0
740,1964,1606,411,746,860,472,52,-29.0
817,1939,1412,324,880,532,179,5,-34.0
854,1613,979,193,800,179,13,0,27.0
794,1615,1039,215,788,251,39,0,3.0
778,1926,1469,353,820,649,286,22,-32.0
763,1976,1569,389,804,765,368,25,-33.0
856,1708,1088,224,832,256,44,0,12.0
729,1943,1690,473,542,1148,859,181,3.0
562,925,504,91,462,42,1,0,50.0
727,1916,1535,385,760,775,396,45,-39.0
650,1179,697,135,584,113,11,0,33.0
729,1943,1718,498,448,1270,1047,269,6.0
821,1938,1405,321,884,521,170,3,-33.0
806,1585,997,203,776,221,33,0,15.0
869,1809,1189,251,872,317,65,1,-2.0
792,1931,1430,332,868,562,195,6,-41.0
805,1927,1401,320,882,519,163,5,-41.0
786,1668,1119,241,792,327,84,2,-4.0
781,1932,1466,350,832,634,268,19,-35.0
821,1867,1311,292,870,441,127,5,-27.0
796,1550,972,198,756,216,38,0,20.0
816,1811,1243,271,860,383,91,2,-23.0
841,1767,1167,247,852,315,63,1,-6.0
722,1953,1636,428,704,932,545,64,-23.0
498,805,432,77,402,30,1,0,48.0
843,1842,1262,277,862,400,118,9,-14.0
747,1927,1540,387,758,782,411,43,-27.0
828,1542,932,184,760,172,22,0,34.0
852,1796,1185,250,870,315,56,0,-9.0
340,536,281,49,268,13,0,0,36.0
880,1740,1102,226,848,254,44,0,16.0
843,1852,1263,274,882,381,88,1,-20.0
830,1739,1146,242,840,306,59,0,-5.0
731,1951,1690,468,572,1118,807,155,2.0
808,1644,1060,220,800,260,44,0,4.0
765,1928,1495,365,800,695,328,31,-33.0
838,1651,1038,211,810,228,31,0,14.0
731,1948,1698,477,534,1164,880,189,4.0
762,1411,847,166,698,149,15,0,32.0
718,1951,1645,435,680,965,591,84,-23.0
754,1969,1591,404,758,833,453,52,-28.0
893,1805,1165,243,872,293,61,1,10.0
668,1194,698,134,592,106,10,0,38.0
762,1313,744,139,654,90,5,0,54.0
24,36,18,3,18,0,0,0,3.0
448,712,376,66,356,20,0,0,46.0
740,1952,1587,406,738,849,476,64,-31.0
886,1721,1077,219,840,237,41,0,23.0
805,1919,1404,324,864,540,191,9,-34.0
829,1669,1067,220,814,253,41,1,7.0
842,1731,1123,234,842,281,47,0,0.0
852,1875,1285,281,884,401,107,6,-19.0
729,1944,1718,501,430,1288,1084,295,2.0
312,488,254,44,244,10,0,0,34.0
384,612,324,57,306,18,0,0,39.0
452,712,373,65,356,17,0,0,48.0
725,1936,1675,463,572,1103,792,151,1.0
843,1909,1346,302,880,466,149,7,-22.0
738,1962,1616,418,724,892,514,66,-26.0
749,1943,1598,419,682,916,579,97,-15.0
815,1885,1335,299,876,459,133,7,-34.0
869,1804,1184,250,868,316,68,3,-1.0
826,1523,911,178,754,157,15,0,36.0
834,1761,1170,249,846,324,69,0,-6.0
880,1864,1244,266,892,352,80,0,-6.0
732,1954,1651,441,656,995,642,100,-12.0
156,244,127,22,122,5,0,0,17.0
862,1837,1215,256,894,321,49,0,-16.0
770,1385,812,156,688,124,9,0,41.0
872,1666,1027,206,818,209,30,0,27.0
836,1472,851,162,730,121,12,0,53.0
824,1903,1364,310,868,496,167,6,-25.0
648,1102,617,114,550,67,2,0,49.0
764,1942,1515,371,804,711,334,28,-34.0
729,1945,1719,497,456,1263,1033,261,6.0
824,1940,1399,318,890,509,160,4,-35.0
750,1337,779,149,664,115,9,0,43.0
793,1912,1413,329,852,561,208,11,-35.0
837,1675,1068,220,816,252,43,1,10.0
721,1941,1701,480,522,1179,897,197,1.0
