N0,N1,N2,Volume,Enclosing_surface,Contact_surface,TETRAVOXEL,OCTOVOXEL,MISC_Async
636,960,483,81,480,3,0,0,78.0
136,204,102,17,102,0,0,0,17.0
6354,12556,7905,1608,6162,1743,232,2,95.0
6240,11900,7302,1456,5868,1434,164,0,186.0
6142,11399,6842,1339,5650,1192,99,0,246.0
6286,13813,9417,2043,6576,2841,661,16,-153.0
6355,13865,9400,2029,6626,2774,613,7,-139.0
6384,12912,8281,1711,6296,1985,320,4,42.0
5774,10335,6036,1156,5136,900,63,0,319.0
4881,14055,12738,3617,3774,8964,6507,1213,-53.0
6255,12694,8135,1676,6214,1921,266,1,20.0
4758,8055,4494,828,4020,474,15,0,369.0
5836,11060,6765,1347,5448,1317,164,0,194.0
6323,13510,8995,1911,6524,2471,462,5,-103.0
4987,14259,12374,3329,4774,7600,4711,667,-227.0
5643,14354,10908,2583,6318,4590,1718,97,-386.0
5212,14405,11821,2995,5672,6149,3061,274,-367.0
4352,7286,4029,737,3636,393,14,0,358.0
3452,5556,2969,527,2776,193,4,0,338.0
1192,1828,934,159,914,20,0,0,139.0
5716,14108,10479,2433,6360,4119,1388,48,-346.0
5968,14158,10234,2329,6494,3740,1170,44,-285.0
1758,2753,1435,249,1376,59,1,0,191.0
924,1404,711,120,702,9,0,0,111.0
5566,9729,5573,1050,4846,727,37,0,360.0
6016,14104,10032,2244,6600,3432,904,16,-300.0
5676,14330,10826,2549,6358,4468,1614,72,-377.0
5935,14482,10684,2471,6542,4142,1398,61,-334.0
5100,8964,5157,975,4464,693,36,0,318.0
4758,8019,4460,820,4000,460,19,0,379.0
5216,14426,11884,3024,5624,6260,3178,292,-350.0
6279,13571,9151,1969,6488,2663,595,11,-110.0
5557,14431,11158,2677,6254,4904,1923,89,-393.0
4246,7027,3848,698,3508,340,11,0,369.0
6180,13895,9607,2104,6590,3017,715,14,-212.0
4933,14134,12543,3461,4320,8223,5494,851,-119.0
3300,5238,2764,485,2618,146,2,0,341.0
3432,5580,3006,537,2790,216,0,0,321.0
3866,6237,3342,595,3114,228,9,0,376.0
5356,14434,11620,2896,5864,5756,2706,200,-354.0
6294,13334,8848,1878,6428,2420,478,6,-70.0
4899,13884,12961,3916,2426,10535,9032,2353,60.0
504,756,378,63,378,0,0,0,63.0
6335,13414,8880,1879,6486,2394,442,5,-78.0
6116,11818,7320,1470,5820,1500,178,0,148.0
6046,11379,6920,1371,5614,1306,151,0,216.0
4998,14219,12284,3289,4834,7450,4551,616,-226.0
4180,6938,3810,693,3462,348,14,0,359.0
5582,9989,5835,1118,4962,873,65,0,310.0
4900,14055,12671,3583,3844,8827,6367,1190,-67.0
4888,14161,12552,3447,4422,8130,5317,802,-168.0
5798,14313,10625,2465,6460,4165,1393,48,-355.0
6107,11670,7174,1433,5750,1424,170,1,178.0
4896,13921,12930,3848,2772,10158,8377,2010,57.0
4956,14213,12305,3290,4870,7435,4473,570,-242.0
6333,13170,8605,1802,6398,2207,374,3,-34.0
6266,12647,8102,1673,6166,1936,315,4,48.0
5985,13960,9906,2214,6528,3378,904,23,-283.0
6241,13110,8632,1819,6350,2282,410,3,-56.0
5259,14365,11766,2987,5610,6156,3145,303,-327.0
6028,13715,9594,2124,6444,3150,827,18,-217.0
5123,14365,11974,3077,5486,6488,3393,327,-345.0
6349,13511,8973,1903,6528,2445,455,5,-92.0
6218,13933,9641,2117,6580,3061,773,20,-191.0
5858,14402,10634,2455,6538,4096,1326,50,-365.0
5869,14211,10379,2376,6502,3877,1207,45,-339.0
6305,12425,7827,1596,6078,1749,269,5,111.0
6193,13697,9352,2027,6542,2810,613,9,-179.0
5977,14198,10248,2326,6540,3708,1118,35,-299.0
2350,3661,1899,328,1830,69,1,0,260.0
5453,9579,5514,1044,4764,750,51,1,344.0
4910,8351,4678,865,4166,512,19,0,372.0
4881,13943,12886,3798,2984,9902,7975,1845,26.0
4871,14032,12682,3586,3848,8834,6336,1153,-65.0
6114,13887,9704,2147,6526,3178,835,20,-216.0
5116,14307,11972,3094,5380,6592,3547,362,-313.0
6205,13700,9361,2033,6524,2837,652,15,-167.0
4884,13992,12875,3755,3220,9655,7552,1640,12.0
4878,8375,4722,877,4182,540,11,0,348.0
692,1044,525,88,522,3,0,0,85.0
4917,14121,12568,3490,4196,8372,5729,973,-126.0
5481,14462,11366,2771,6106,5260,2250,147,-386.0
6315,13563,9081,1940,6522,2559,519,7,-107.0
5097,14366,12142,3167,5282,6860,3802,403,-294.0
4910,13869,13018,4028,1868,11150,10133,2980,31.0
6372,13624,9107,1945,6544,2563,536,8,-90.0
5656,14466,11071,2639,6308,4763,1850,104,-378.0
5388,14401,11433,2811,6000,5433,2401,170,-391.0
6108,13745,9523,2091,6500,3023,745,18,-205.0
5100,8650,4834,892,4316,518,18,0,392.0
6296,13108,8575,1798,6362,2213,384,4,-35.0
5690,14302,10792,2541,6338,4454,1626,74,-361.0
6078,12540,8172,1711,6078,2094,384,2,-1.0
5755,14384,10832,2548,6376,4456,1632,69,-345.0
5356,9384,5385,1016,4674,711,36,0,341.0
5636,10276,6093,1182,5094,999,88,0,271.0
6285,12925,8384,1747,6286,2098,353,5,-3.0
5594,9905,5734,1090,4928,806,49,0,333.0
6167,12490,8015,1656,6094,1921,302,1,36.0
5894,14440,10681,2474,6518,4163,1404,54,-339.0
4911,13877,13032,4022,1932,11100,10013,2891,44.0
4950,14249,12410,3341,4774,7636,4701,636,-230.0
4905,13956,12878,3804,2932,9946,8092,1927,23.0
5885,14005,10148,2314,6412,3736,1181,45,-286.0
4530,7541,4148,755,3766,382,9,0,382.0
5064,8630,4843,897,4304,539,22,0,380.0
6073,13954,9830,2189,6526,3304,902,27,-240.0
5484,9464,5371,1005,4712,659,40,0,386.0
4814,8191,4592,850,4084,508,23,0,365.0
5241,14438,11852,3004,5680,6172,3078,259,-349.0
4886,13912,12893,3832,2794,10099,8324,2022,35.0
5794,14244,10530,2435,6450,4080,1344,54,-355.0
4911,13876,13025,4015,1960,11065,9956,2861,45.0
5591,14361,11093,2669,6172,4921,2017,111,-346.0
6252,13667,9265,1998,6542,2723,583,6,-148.0
6358,13246,8690,1829,6406,2284,434,6,-27.0
4977,14303,12276,3247,5070,7206,4163,501,-297.0
5340,14446,11594,2878,5920,5674,2606,200,-390.0
4912,13882,12976,3955,2222,10754,9438,2588,51.0
5504,14272,11023,2644,6182,4841,1908,100,-389.0
5819,14318,10621,2465,6452,4169,1414,53,-343.0
5715,14417,10918,2578,6368,4550,1681,71,-362.0
4897,13965,12850,3756,3164,9686,7637,1681,26.0
4650,7855,4375,805,3920,455,15,0,365.0
1228,1884,963,164,942,21,0,0,143.0
5919,14396,10602,2449,6510,4092,1376,57,-324.0
6363,12677,8039,1646,6202,1837,273,3,79.0
6210,11973,7400,1483,5902,1498,169,0,154.0
5640,14395,11052,2646,6228,4824,1939,110,-349.0
5184,9024,5164,974,4484,680,56,0,350.0
1012,1548,789,134,774,15,0,0,119.0
6015,14260,10302,2344,6540,3762,1180,49,-287.0
6208,12262,7715,1568,6022,1693,218,0,93.0
6097,13759,9526,2086,6536,2990,687,5,-222.0
6195,13417,9057,1950,6414,2643,589,11,-115.0
5704,14330,10837,2560,6314,4523,1702,88,-349.0
5583,14473,11227,2710,6194,5033,2085,135,-373.0
5513,14437,11353,2778,6038,5315,2361,173,-349.0
4928,14130,12478,3431,4370,8108,5390,868,-155.0
6225,13592,9221,1992,6490,2731,612,11,-138.0
5176,14425,12048,3110,5436,6612,3553,362,-311.0
4962,14271,12443,3354,4762,7681,4747,640,-220.0
5024,14276,12231,3234,5058,7173,4160,476,-255.0
5758,14176,10532,2448,6376,4156,1424,50,-334.0
4902,13896,12965,3925,2380,10585,9136,2430,46.0
600,908,458,77,454,4,0,0,73.0
4881,13934,12881,3792,3010,9871,7914,1799,36.0
5850,10591,6239,1203,5260,979,71,0,295.0
5994,13903,9860,2207,6478,3382,947,28,-256.0
5837,10499,6156,1183,5214,942,71,1,311.0
4166,6911,3794,690,3448,346,15,0,359.0
5972,11012,6575,1281,5464,1111,84,0,254.0
6218,11823,7231,1437,5840,1391,143,0,189.0
4927,14174,12499,3420,4478,8021,5218,785,-168.0
5789,14257,10592,2464,6400,4192,1457,69,-340.0
4988,8634,4906,918,4304,602,26,0,342.0
6358,13288,8731,1839,6428,2303,432,6,-38.0
5806,14353,10640,2464,6496,4144,1361,52,-371.0
4912,14124,12483,3422,4434,8049,5256,780,-151.0
5852,10698,6356,1235,5302,1054,94,0,275.0
4959,14213,12335,3316,4774,7561,4665,655,-235.0
2600,4088,2138,372,2044,94,0,0,278.0
5172,9002,5140,966,4484,656,34,0,344.0
5835,14092,10305,2364,6426,3879,1240,41,-316.0
6355,13095,8514,1778,6360,2154,375,3,-4.0
6219,12597,8069,1663,6160,1909,277,3,28.0
6374,12731,8104,1666,6212,1892,307,0,81.0
6014,14222,10204,2302,6596,3608,1030,30,-306.0
5744,14454,10902,2564,6420,4482,1614,68,-372.0
6275,13651,9233,1989,6532,2701,587,7,-132.0
5976,14011,10032,2264,6480,3552,1051,30,-267.0
2922,4587,2397,417,2292,105,3,0,315.0
6242,12348,7783,1585,6056,1727,236,2,92.0
6271,12030,7411,1482,5930,1481,170,1,170.0
3436,5486,2910,513,2742,168,2,0,347.0
5799,14267,10550,2439,6466,4084,1335,47,-357.0
6217,12173,7634,1551,5962,1672,249,1,127.0
5748,10342,6060,1163,5142,918,58,0,303.0
5996,14042,10015,2251,6524,3491,994,36,-282.0
4975,8350,4631,850,4162,469,26,1,406.0
6346,13049,8463,1763,6348,2115,353,4,-3.0
5804,14505,10875,2545,6480,4395,1545,66,-371.0
4900,13884,12966,3930,2352,10614,9180,2444,52.0
5930,11001,6606,1294,5448,1158,105,0,241.0
2750,4333,2271,396,2166,105,1,0,292.0
4883,14097,12559,3484,4214,8345,5669,947,-139.0
808,1224,618,104,612,6,0,0,98.0
5807,14318,10648,2477,6434,4214,1450,53,-340.0
5984,11518,7117,1427,5672,1445,174,0,156.0
3310,5297,2815,497,2648,167,1,0,331.0
4940,8636,4947,932,4302,645,32,0,319.0
5342,14451,11628,2896,5880,5748,2691,216,-377.0
4872,14036,12639,3563,3900,8739,6236,1148,-88.0
5023,14318,12315,3273,4992,7323,4334,537,-253.0
6365,13206,8635,1812,6398,2237,410,3,-18.0
6332,13124,8581,1802,6350,2231,424,8,-13.0
6302,12992,8459,1770,6298,2161,396,6,-1.0
6106,11904,7425,1500,5850,1575,204,2,127.0
6162,13114,8711,1848,6334,2377,446,6,-89.0
3430,5479,2908,513,2738,170,3,0,346.0
4892,14061,12708,3600,3816,8892,6429,1198,-61.0
4438,7441,4119,754,3714,405,13,0,362.0
6323,12913,8333,1729,6292,2041,329,3,14.0
6320,12843,8253,1706,6270,1983,303,2,24.0
5016,14244,12309,3295,4848,7461,4548,596,-214.0
5894,14188,10354,2372,6476,3878,1236,42,-312.0
6156,13958,9732,2149,6570,3162,818,24,-219.0
5299,14436,11663,2912,5854,5809,2728,217,-386.0
5569,9877,5728,1091,4910,818,57,1,329.0
6272,13347,8885,1891,6424,2461,499,10,-81.0
4128,6784,3694,667,3386,308,12,0,371.0
5528,9782,5661,1076,4866,795,50,0,331.0
4945,14120,12427,3396,4478,7949,5164,755,-144.0
6348,12350,7698,1555,6066,1632,218,0,141.0
6308,13257,8760,1855,6390,2370,477,6,-44.0
3526,5693,3049,542,2846,203,1,0,340.0
6141,13814,9642,2140,6444,3198,926,39,-171.0
3130,5075,2731,488,2534,197,7,0,298.0
6112,13769,9559,2104,6494,3065,781,22,-202.0
6260,12857,8331,1734,6258,2073,341,2,0.0
6321,13439,8948,1905,6466,2482,507,5,-75.0
6349,12473,7830,1591,6114,1716,245,5,115.0
4901,13900,12960,3916,2424,10536,9052,2387,45.0
5854,14359,10614,2457,6486,4128,1387,64,-348.0
5936,14146,10226,2323,6514,3712,1118,36,-307.0
5692,10406,6178,1199,5162,1016,82,0,265.0
6154,11593,7042,1392,5732,1310,129,0,211.0
4959,14169,12391,3361,4616,7775,4937,703,-180.0
6011,13921,9851,2200,6502,3349,917,27,-259.0
6263,13608,9188,1976,6520,2668,568,9,-133.0
5700,14224,10648,2490,6356,4292,1512,76,-366.0
2702,4303,2278,401,2150,128,3,0,276.0
5135,14388,12073,3126,5390,6683,3608,357,-306.0
5056,8642,4869,906,4302,567,38,0,377.0
5940,14168,10259,2335,6508,3751,1152,40,-304.0
4908,14121,12668,3555,4006,8662,6109,1102,-100.0
4958,14180,12510,3431,4434,8076,5312,810,-143.0
5929,14207,10239,2311,6612,3627,983,17,-350.0
5138,14361,11996,3098,5404,6592,3553,384,-325.0
6210,13606,9264,2008,6480,2784,646,10,-140.0
6289,12471,7893,1615,6096,1797,279,1,96.0
5442,9711,5663,1084,4822,841,67,0,310.0
452,688,349,59,344,5,0,0,54.0
6212,14128,9863,2178,6658,3205,812,16,-231.0
6366,13138,8566,1795,6362,2204,414,6,-1.0
6182,12018,7485,1511,5904,1581,210,2,138.0
6297,12998,8466,1771,6306,2160,386,3,-6.0
4882,14017,12705,3621,3684,9021,6649,1300,-51.0
5869,11027,6682,1318,5456,1226,115,1,206.0
6295,13466,9012,1927,6462,2550,542,5,-86.0
6231,13570,9185,1980,6490,2695,590,9,-134.0
6118,13634,9325,2020,6530,2795,574,10,-211.0
6212,13862,9562,2094,6560,3002,742,16,-182.0
6199,13893,9595,2102,6578,3017,737,23,-201.0
3440,5466,2887,507,2732,155,2,0,354.0
6291,12430,7822,1590,6104,1718,222,1,93.0
4915,13881,13028,4019,1942,11086,9997,2887,43.0
5924,11062,6668,1309,5482,1186,98,0,221.0
6328,12629,8032,1650,6164,1868,301,2,81.0
4896,14022,12781,3673,3524,9257,6974,1408,-18.0
2660,4206,2212,387,2102,110,2,0,279.0
3970,6409,3434,611,3202,232,5,0,384.0
3042,4815,2535,444,2406,129,3,0,318.0
5682,14521,11103,2641,6360,4743,1801,76,-377.0
1920,2964,1524,261,1482,42,0,0,219.0
6032,10872,6382,1227,5402,980,68,0,315.0
5627,14386,10948,2592,6344,4604,1698,89,-403.0
5002,8497,4754,878,4240,514,17,0,381.0
6187,14232,10055,2246,6634,3421,964,25,-236.0
5367,14382,11452,2821,5978,5474,2426,157,-384.0
6112,14091,9967,2228,6566,3401,959,26,-240.0
6057,13937,9826,2189,6518,3308,901,25,-243.0
6115,13851,9615,2111,6564,3051,723,15,-232.0
6194,13827,9512,2076,6568,2944,691,20,-197.0
6344,13745,9282,1998,6576,2706,593,2,-117.0
5476,14521,11426,2785,6142,5284,2237,142,-404.0
3550,5783,3122,559,2890,232,3,0,330.0
6105,14179,10032,2237,6642,3390,895,21,-279.0
6083,14079,9968,2228,6568,3400,943,27,-256.0
5792,10544,6242,1209,5230,1012,84,0,281.0
5160,8874,5019,936,4422,597,30,0,369.0
4934,14178,12515,3429,4456,8059,5266,794,-158.0
5932,14302,10445,2395,6520,3925,1262,52,-320.0
6248,13668,9250,1990,6560,2690,548,8,-160.0
4862,8323,4684,869,4154,530,15,0,354.0
6237,13431,9030,1939,6426,2604,579,17,-103.0
4882,14037,12705,3597,3828,8877,6381,1148,-47.0
4928,14120,12527,3459,4300,8227,5520,876,-124.0
5413,14356,11290,2750,6080,5210,2196,139,-403.0
4916,14103,12582,3505,4134,8448,5835,1002,-110.0
5088,14297,12026,3127,5290,6736,3717,418,-310.0
6249,12113,7514,1510,5968,1546,177,1,140.0
6233,13878,9539,2080,6598,2941,682,7,-186.0
6325,12870,8281,1714,6278,2003,314,3,22.0
5853,10857,6519,1277,5376,1143,105,1,238.0
4926,14123,12510,3442,4368,8142,5387,816,-129.0
5341,14430,11543,2853,5968,5575,2494,171,-399.0
6017,14140,10149,2296,6522,3627,1096,35,-270.0
6308,12220,7585,1526,6014,1571,192,0,147.0
3378,5377,2844,500,2688,156,1,0,345.0
5494,14403,11246,2723,6154,5092,2095,112,-386.0
5074,14303,12132,3178,5196,6936,3911,428,-275.0
6346,12430,7788,1580,6096,1692,238,2,124.0
5504,9860,5764,1105,4898,866,64,0,303.0
6170,13708,9414,2053,6510,2904,688,14,-177.0
4923,14124,12544,3472,4256,8288,5612,925,-129.0
6335,13012,8444,1762,6316,2128,380,9,5.0
2804,4416,2313,403,2208,105,0,0,298.0
6040,13968,9857,2194,6550,3307,868,20,-265.0
5645,14433,11036,2627,6310,4726,1813,93,-379.0
5078,14273,12226,3250,4952,7274,4369,564,-219.0
4020,6524,3511,627,3260,251,4,0,380.0
6333,13123,8577,1800,6354,2223,415,5,-13.0
6265,13137,8643,1821,6360,2283,417,5,-50.0
4242,6961,3782,681,3478,304,5,0,382.0
1580,2428,1243,212,1214,29,0,0,183.0
4892,13886,12971,3920,2422,10549,9042,2356,57.0
2300,3604,1879,326,1802,77,0,0,249.0
4914,13895,12975,3938,2322,10653,9251,2480,56.0
4874,14056,12652,3558,3956,8696,6144,1094,-88.0
6289,12764,8195,1693,6232,1963,300,3,27.0
5249,14431,11804,2985,5698,6106,3035,277,-363.0
4016,6516,3512,629,3250,262,16,0,383.0
1524,2356,1213,208,1178,35,0,0,173.0
5352,14345,11436,2821,5946,5490,2453,162,-378.0
5013,14325,12332,3274,5020,7312,4285,501,-254.0
3418,5461,2898,511,2730,168,1,0,344.0
5031,14252,12237,3256,4938,7299,4376,573,-240.0
3502,5613,2989,529,2804,185,5,0,349.0
6144,13340,8991,1929,6408,2583,524,4,-134.0
5396,14435,11428,2800,6056,5372,2323,162,-411.0
6328,12780,8195,1694,6226,1969,328,4,49.0
6247,12529,7987,1643,6116,1871,297,7,62.0
3568,5802,3129,560,2898,231,6,0,335.0
4380,7270,3992,726,3628,364,14,0,376.0
5588,14213,10813,2561,6260,4553,1693,74,-373.0
5748,10552,6281,1221,5236,1045,80,0,256.0
5826,10610,6284,1218,5260,1024,90,2,282.0
5849,14279,10541,2439,6448,4093,1383,57,-328.0
6176,13856,9577,2099,6560,3017,736,20,-202.0
6235,13222,8797,1874,6350,2447,522,13,-64.0
4913,13872,13054,4092,1556,11498,10760,3351,3.0
6255,12324,7744,1573,6050,1694,224,1,102.0
5075,14363,12206,3205,5182,7024,3999,467,-287.0
5182,14340,11868,3034,5532,6336,3276,298,-324.0
6251,13969,9648,2115,6606,3042,757,15,-185.0
6117,11824,7322,1470,5824,1498,176,3,145.0
4901,13980,12809,3722,3286,9523,7408,1599,8.0
5939,14332,10443,2385,6576,3867,1180,33,-335.0
6354,13002,8410,1749,6326,2084,350,2,13.0
5850,10485,6132,1176,5208,924,69,0,321.0
6340,13802,9360,2023,6582,2778,638,8,-125.0
5747,14160,10512,2441,6378,4134,1404,53,-342.0
6231,12488,7955,1635,6100,1855,288,5,63.0
5384,14356,11385,2794,6006,5379,2344,140,-381.0
6284,13327,8855,1882,6418,2437,491,6,-70.0
5749,14263,10651,2486,6386,4265,1491,61,-349.0
6045,14286,10226,2300,6652,3574,982,23,-315.0
4993,14236,12254,3259,4954,7300,4328,535,-248.0
4042,6631,3603,649,3312,291,7,0,365.0
6221,13733,9391,2041,6536,2855,661,9,-162.0
5000,14244,12448,3379,4622,7826,5000,728,-175.0
4894,14052,12723,3611,3780,8943,6492,1206,-46.0
5895,14385,10630,2463,6482,4148,1421,59,-323.0
6178,11749,7196,1433,5794,1402,161,0,192.0
4881,14008,12761,3661,3556,9205,6896,1379,-27.0
4886,14081,12642,3549,3990,8652,6101,1100,-102.0
5902,10979,6614,1300,5428,1186,123,0,237.0
2482,3887,2027,352,1942,85,3,0,270.0
5350,14397,11527,2856,5918,5609,2561,184,-376.0
5200,14370,11834,3015,5578,6256,3214,324,-351.0
6190,12169,7645,1554,5966,1679,237,0,112.0
5292,9072,5115,951,4524,591,24,0,384.0
6144,13673,9421,2063,6464,2957,745,22,-171.0
4890,13950,12872,3786,3028,9844,7894,1810,26.0
5938,13872,9856,2205,6482,3374,908,22,-283.0
6157,13982,9761,2157,6580,3181,822,19,-221.0
5552,14329,11060,2657,6178,4882,1973,122,-374.0
6270,12550,7973,1633,6148,1825,254,2,60.0
4346,7203,3949,717,3596,353,11,0,375.0
4884,13940,12902,3812,2932,9970,8076,1884,34.0
5069,14312,12152,3187,5182,6970,3948,443,-278.0
6371,13517,8984,1910,6508,2476,501,7,-72.0
5053,14258,12094,3172,5156,6938,3946,463,-283.0
6248,11795,7185,1425,5820,1365,155,2,213.0
5936,14163,10251,2332,6510,3741,1143,42,-308.0
6036,13929,9831,2192,6510,3321,909,34,-254.0
6375,13249,8681,1826,6406,2275,437,7,-19.0
6032,11482,7027,1397,5672,1355,138,0,180.0
5856,14223,10416,2390,6492,3924,1239,46,-341.0
4903,13898,12974,3911,2482,10492,8934,2285,68.0
5629,14396,11015,2624,6286,4729,1824,95,-376.0
4912,13884,12999,3977,2136,10863,9612,2676,50.0
4062,6673,3629,654,3334,295,5,0,364.0
5750,10297,6019,1154,5114,905,69,0,318.0
3714,6001,3216,572,3000,216,1,0,357.0
6333,12517,7895,1610,6130,1765,257,1,101.0
5266,14357,11861,3046,5446,6415,3465,372,-276.0
4692,7840,4329,791,3912,417,16,0,390.0
5394,14441,11467,2817,6032,5435,2377,156,-397.0
5640,10004,5808,1108,4968,840,68,0,336.0
5808,10356,6036,1155,5142,894,72,0,333.0
4959,14196,12378,3344,4692,7686,4812,673,-203.0
6171,13808,9525,2083,6552,2973,704,9,-195.0
6280,13079,8573,1803,6328,2245,423,10,-29.0
6304,12283,7665,1550,6030,1635,223,2,136.0
6000,11791,7397,1501,5788,1609,215,2,105.0
5273,14318,11561,2889,5788,5773,2742,231,-373.0
6171,14057,9806,2162,6640,3166,777,15,-242.0
6210,14016,9721,2135,6632,3089,752,18,-220.0
5150,14366,11990,3089,5446,6544,3474,334,-315.0
6159,13751,9516,2093,6474,3042,803,23,-169.0
5740,14239,10654,2494,6344,4310,1551,74,-339.0
6022,11029,6565,1278,5462,1103,105,0,280.0
6278,13748,9334,2016,6572,2762,604,10,-152.0
6158,13634,9343,2034,6482,2861,670,10,-167.0
6194,11843,7267,1447,5852,1415,139,0,171.0
5437,14513,11586,2870,5952,5634,2609,205,-360.0
4216,6956,3796,686,3476,320,4,0,370.0
5060,14334,12301,3273,4964,7337,4406,588,-246.0
6396,12862,8192,1680,6304,1888,254,0,46.0
6024,14212,10230,2319,6546,3684,1120,32,-277.0
5832,10436,6100,1170,5180,920,76,0,326.0
6376,12963,8339,1726,6322,2017,319,2,26.0
6028,14017,9941,2222,6550,3391,917,18,-270.0
5440,14362,11304,2762,6036,5268,2290,164,-380.0
5946,10839,6421,1244,5378,1043,83,0,284.0
3644,5898,3166,564,2948,218,2,0,348.0
5090,14391,12169,3179,5264,6905,3863,448,-311.0
4898,13881,12969,3934,2334,10635,9213,2460,52.0
4873,14014,12746,3644,3628,9118,6758,1323,-39.0
4708,7952,4427,814,3970,457,12,0,369.0
6232,14069,9781,2154,6638,3143,793,14,-210.0
4891,13900,12941,3882,2590,10351,8720,2201,50.0
6166,13833,9567,2098,6546,3021,741,16,-198.0
1692,2600,1331,227,1300,31,0,0,196.0
5656,14226,10778,2549,6262,4516,1702,76,-341.0
5092,14268,12106,3185,5102,7004,4064,500,-255.0
6287,13013,8480,1773,6322,2158,369,3,-19.0
6260,11846,7222,1432,5852,1370,142,0,204.0
6236,11858,7258,1444,5852,1406,154,0,192.0
5907,14126,10233,2328,6498,3735,1130,37,-314.0
2968,4698,2473,433,2348,125,2,0,310.0
5302,9253,5297,998,4606,691,41,0,348.0
5900,14293,10444,2390,6548,3896,1197,30,-339.0
3034,4801,2526,442,2400,126,1,0,317.0
4498,7603,4239,781,3792,447,19,0,353.0
6293,13588,9154,1968,6500,2654,588,11,-109.0
5888,14208,10342,2361,6518,3824,1172,48,-339.0
6133,13925,9697,2135,6584,3113,757,9,-230.0
4076,6796,3745,683,3392,353,12,0,342.0
6122,11671,7155,1425,5760,1395,151,0,181.0
5317,14372,11588,2893,5818,5770,2736,219,-360.0
5644,10220,6029,1165,5068,961,84,0,288.0
5553,14321,11029,2641,6212,4817,1897,101,-380.0
5692,10112,5871,1119,5028,843,56,0,332.0
6418,12841,8167,1676,6278,1889,285,4,68.0
5177,14394,11899,3039,5564,6335,3266,327,-357.0
5938,10907,6507,1269,5400,1107,107,0,269.0
6089,11731,7257,1457,5772,1485,187,1,158.0
6325,12343,7706,1558,6064,1642,215,1,130.0
6296,12716,8138,1677,6214,1924,288,0,41.0
6320,12564,7955,1627,6148,1807,268,4,84.0
4878,13965,12846,3744,3228,9618,7509,1620,15.0
6100,11910,7442,1506,5848,1594,214,0,126.0
6306,12773,8196,1693,6234,1962,305,0,36.0
4748,8014,4462,821,3998,464,18,0,375.0
4912,13876,13027,4020,1934,11093,10008,2892,43.0
6375,13362,8776,1845,6482,2294,398,5,-56.0
2292,3586,1868,324,1792,76,2,0,250.0
5137,14401,12071,3127,5380,6691,3641,397,-320.0
5794,14271,10596,2464,6408,4188,1455,76,-345.0
4905,13880,12994,3967,2186,10808,9508,2615,52.0
6247,12849,8352,1745,6234,2118,381,3,5.0
6251,12856,8345,1740,6250,2095,356,1,0.0
5884,14307,10541,2435,6472,4069,1363,46,-317.0
4889,14059,12639,3551,3972,8667,6115,1081,-82.0
4917,13993,12792,3713,3306,9486,7381,1605,3.0
5934,14431,10614,2448,6540,4074,1351,56,-331.0
6334,13468,8959,1905,6488,2471,492,6,-80.0
6339,13189,8611,1801,6416,2195,357,3,-40.0
5341,14443,11669,2921,5812,5857,2819,237,-354.0
5233,14389,11809,2999,5624,6185,3141,301,-346.0
5412,14434,11473,2828,5978,5495,2478,188,-377.0
6372,12481,7843,1598,6098,1745,285,2,136.0
4892,14102,12569,3489,4204,8365,5694,948,-130.0
5232,14395,11803,2990,5666,6137,3063,266,-350.0
6179,13594,9264,2007,6486,2778,622,9,-158.0
1204,1848,945,161,924,21,0,0,140.0
6441,13535,8928,1886,6540,2388,455,5,-52.0
5445,14445,11416,2795,6062,5354,2321,141,-379.0
5522,9705,5582,1055,4834,748,37,0,344.0
2634,4141,2166,377,2070,96,1,0,282.0
5467,14473,11430,2799,6066,5364,2341,151,-375.0
6126,14008,9872,2202,6532,3340,944,18,-212.0
6136,11650,7129,1419,5744,1385,162,0,196.0
3434,5461,2888,508,2728,160,5,0,353.0
5734,10153,5883,1120,5046,837,61,0,344.0
5175,14428,11953,3059,5552,6401,3324,341,-359.0
4905,13983,12839,3744,3214,9625,7555,1657,17.0
6074,13905,9832,2204,6440,3392,1025,40,-203.0
6305,13184,8687,1837,6352,2335,480,11,-29.0
5369,14452,11572,2869,5930,5642,2592,199,-380.0
5523,14462,11305,2745,6140,5165,2182,141,-379.0
4909,13880,13003,3987,2084,10919,9712,2735,45.0
5124,14319,11974,3093,5390,6584,3539,362,-314.0
6253,12037,7445,1495,5920,1525,197,1,166.0
6146,13872,9627,2116,6558,3069,756,18,-215.0
5562,14389,11067,2642,6282,4785,1825,84,-402.0
6038,11231,6756,1325,5562,1194,107,0,238.0
5780,10576,6285,1221,5244,1041,88,0,268.0
6307,13312,8798,1860,6436,2362,440,5,-67.0
4884,13974,12733,3653,3548,9185,6878,1356,-10.0
6070,14094,10032,2254,6540,3492,1014,22,-246.0
5452,14450,11370,2771,6114,5256,2222,136,-399.0
5408,9514,5489,1042,4726,763,62,0,341.0
6131,11752,7235,1446,5794,1441,164,1,168.0
5970,14139,10174,2302,6536,3638,1067,28,-297.0
5670,14392,10913,2576,6370,4543,1652,70,-385.0
5985,14277,10329,2347,6576,3753,1125,29,-310.0
6183,13929,9677,2132,6562,3115,805,23,-201.0
5971,14229,10277,2333,6556,3721,1117,43,-314.0
6288,13381,8879,1881,6472,2407,437,6,-95.0
5029,14215,12108,3190,5076,7032,4063,489,-268.0
6100,14190,10066,2252,6620,3446,950,32,-276.0
6360,12925,8321,1725,6292,2029,341,6,31.0
5510,14413,11251,2729,6128,5123,2157,144,-381.0
4888,13925,12908,3829,2842,10066,8241,1962,42.0
4900,13902,12984,3931,2382,10602,9138,2416,51.0
4895,14008,12836,3730,3292,9544,7424,1617,-7.0
6307,12741,8161,1684,6218,1943,305,3,43.0
5496,14303,11106,2677,6150,4956,2003,102,-378.0
6123,14194,10055,2248,6622,3433,950,29,-264.0
5184,14443,11964,3058,5580,6384,3283,310,-353.0
6171,11992,7457,1502,5902,1555,188,1,134.0
4780,8086,4508,830,4036,472,14,0,372.0
5700,14253,10698,2506,6360,4338,1533,62,-361.0
4888,14082,12614,3525,4078,8536,5926,1020,-105.0
5263,14423,11755,2959,5756,5999,2911,235,-364.0
6190,11799,7234,1441,5822,1412,155,0,184.0
5781,14308,10638,2470,6456,4182,1396,43,-359.0
4989,14165,12336,3344,4608,7728,4949,749,-184.0
4952,14241,12400,3341,4754,7646,4733,658,-230.0
3844,6204,3323,591,3100,223,4,0,372.0
6281,12557,7985,1639,6136,1849,285,5,70.0
5965,14113,10161,2302,6510,3651,1093,33,-289.0
5012,8675,4932,924,4320,612,35,2,345.0
6096,11469,6968,1379,5662,1306,145,2,216.0
5386,14521,11615,2874,5986,5629,2549,188,-394.0
4931,14101,12577,3503,4136,8441,5829,987,-96.0
6183,11680,7118,1412,5764,1354,152,1,209.0
5939,13872,9908,2231,6430,3478,1012,21,-256.0
3024,4816,2548,448,2408,140,0,0,308.0
5966,13854,9825,2197,6468,3357,918,18,-260.0
5646,14279,10878,2585,6246,4632,1787,80,-340.0
2638,4149,2171,378,2074,97,1,0,282.0
5860,10760,6409,1247,5336,1073,88,0,262.0
5258,14403,11810,2996,5644,6166,3115,276,-331.0
1460,2244,1149,196,1122,27,0,0,169.0
6227,13614,9241,1997,6500,2741,614,13,-143.0
4891,13981,12829,3743,3200,9629,7581,1699,-4.0
3552,5702,3039,538,2850,189,2,0,351.0
6273,13496,9039,1931,6492,2547,512,11,-115.0
5973,14240,10244,2311,6622,3622,996,19,-334.0
6296,13571,9086,1938,6544,2542,483,6,-127.0
4910,13871,13035,4046,1794,11241,10283,3060,28.0
6285,13894,9528,2079,6582,2946,730,23,-160.0
6384,13536,8988,1909,6522,2466,492,8,-73.0
4900,14045,12720,3611,3774,8946,6497,1198,-36.0
5062,14348,12146,3175,5242,6904,3864,450,-315.0
5181,14377,11929,3059,5504,6425,3369,329,-326.0
1024,1556,788,133,778,10,0,0,123.0
5770,10339,6049,1161,5132,917,75,0,319.0
3824,6210,3349,600,3098,251,14,0,363.0
4917,14088,12554,3492,4156,8398,5776,979,-109.0
6173,12087,7568,1534,5932,1636,223,1,120.0
6180,14013,9761,2152,6610,3151,793,18,-224.0
6488,13592,8921,1874,6598,2323,396,4,-57.0
6303,12199,7573,1525,5996,1577,207,3,152.0
6243,12274,7694,1559,6034,1660,206,1,104.0
5500,9480,5371,1003,4724,647,32,0,388.0
5420,14452,11436,2803,6054,5382,2344,164,-399.0
6240,13225,8805,1877,6348,2457,529,6,-57.0
5699,14486,10972,2585,6434,4538,1618,65,-400.0
5321,14424,11629,2901,5852,5777,2720,219,-375.0
5882,14147,10300,2352,6488,3812,1171,28,-317.0
6033,14334,10380,2366,6564,3816,1206,43,-287.0
4895,14041,12637,3556,3938,8699,6165,1087,-65.0
5918,14418,10565,2423,6592,3973,1234,42,-358.0
5880,14181,10371,2380,6462,3909,1257,38,-310.0
4970,8507,4791,890,4242,549,23,0,364.0
4600,7724,4280,784,3856,424,12,0,372.0
4895,14002,12771,3674,3498,9273,7006,1417,-10.0
6253,13676,9282,2005,6534,2748,608,11,-146.0
4921,14152,12511,3425,4472,8039,5208,739,-145.0
5738,14080,10417,2413,6356,4061,1368,58,-338.0
3274,5269,2814,499,2634,180,1,0,320.0
3014,4789,2529,444,2394,135,1,0,310.0
5310,9235,5270,990,4600,670,35,0,355.0
5326,14462,11735,2949,5776,5959,2910,250,-350.0
6414,13025,8398,1745,6326,2072,373,4,42.0
1872,2892,1488,255,1446,42,0,0,213.0
3248,5128,2692,470,2564,128,0,0,342.0
5348,9372,5381,1016,4666,715,40,0,341.0
6074,11605,7132,1424,5720,1412,165,0,177.0
4959,14161,12468,3413,4458,8010,5245,795,-147.0
2636,4152,2175,379,2076,99,0,0,280.0
5134,14339,11991,3101,5376,6615,3587,388,-315.0
4897,13906,12953,3898,2518,10435,8870,2287,46.0
6140,13469,9176,1989,6418,2758,633,6,-142.0
6170,13263,8882,1897,6382,2500,499,4,-108.0
6144,13817,9589,2111,6512,3077,793,22,-195.0
4784,8082,4507,831,4028,479,26,0,378.0
6172,11745,7203,1437,5784,1419,177,2,193.0
4929,14135,12548,3473,4258,8290,5619,933,-131.0
6051,13991,9918,2222,6504,3414,983,35,-244.0
6200,13330,8937,1912,6402,2535,526,8,-105.0
6235,12575,8032,1652,6152,1880,271,3,40.0
6258,13423,8980,1917,6458,2522,507,4,-102.0
5928,10734,6325,1220,5330,995,74,0,299.0
6046,14169,10149,2293,6540,3609,1089,40,-267.0
6300,12238,7606,1531,6026,1580,186,0,137.0
6021,14060,10079,2283,6460,3619,1140,47,-243.0
5836,14134,10341,2373,6444,3897,1246,52,-330.0
5743,14412,10861,2556,6386,4475,1640,85,-364.0
6218,12340,7799,1592,6046,1753,248,2,85.0
5211,14383,11840,3011,5614,6226,3155,283,-343.0
6250,13658,9294,2015,6498,2796,662,10,-129.0
5496,14483,11315,2739,6196,5119,2091,122,-411.0
6112,14253,10130,2269,6646,3484,961,26,-280.0
5951,11268,6882,1368,5556,1326,156,1,197.0
6476,13193,8515,1769,6416,2099,361,2,29.0
5317,14354,11496,2843,5934,5562,2486,151,-384.0
6155,13707,9437,2063,6496,2941,715,15,-178.0
5589,14314,10972,2619,6230,4742,1854,103,-372.0
5867,14240,10419,2387,6516,3903,1208,33,-341.0
5854,10481,6115,1169,5216,899,49,0,319.0
4726,8031,4498,832,4004,494,23,0,361.0
4856,8240,4608,851,4110,498,20,0,373.0
6366,13100,8499,1771,6372,2127,356,6,-6.0
6179,13828,9540,2087,6558,2982,712,13,-196.0
4100,6710,3636,653,3354,282,2,0,373.0
6222,13171,8736,1854,6348,2388,475,8,-67.0
4873,14039,12727,3615,3764,8963,6511,1217,-54.0
5668,14396,10940,2587,6358,4582,1680,60,-375.0
5500,14347,11154,2694,6144,5010,2059,130,-387.0
6159,13617,9318,2026,6480,2838,657,11,-166.0
5400,9500,5476,1038,4724,752,52,0,338.0
6325,12677,8088,1666,6180,1908,317,5,70.0
6221,13979,9706,2139,6578,3128,823,25,-191.0
508,768,387,65,384,3,0,0,62.0
4935,14106,12530,3467,4258,8272,5590,893,-108.0
5521,14319,11130,2692,6108,5022,2103,133,-360.0
4384,7288,4004,728,3640,364,8,0,372.0
4856,8284,4654,863,4130,524,24,0,363.0
5265,14432,11804,2982,5716,6088,3000,239,-345.0
4913,14065,12603,3535,3996,8607,6073,1085,-84.0
6198,12608,8112,1679,6150,1962,308,2,23.0
4913,13870,13048,4082,1604,11444,10662,3291,9.0
4989,14248,12354,3316,4812,7542,4624,619,-221.0
6259,12054,7464,1501,5922,1542,210,1,168.0
6019,11038,6576,1281,5466,1110,106,1,276.0
5895,11126,6775,1343,5492,1283,142,1,201.0
5516,9802,5696,1087,4870,826,62,0,323.0
6214,11817,7237,1441,5828,1409,161,0,193.0
5926,14274,10397,2375,6544,3853,1186,34,-326.0
4997,14277,12358,3312,4844,7514,4589,621,-234.0
6247,13385,8979,1926,6402,2577,581,15,-85.0
5708,10512,6277,1224,5210,1067,92,0,249.0
5793,14481,10912,2569,6410,4502,1661,73,-345.0
6275,13263,8775,1857,6408,2367,447,7,-70.0
6255,13101,8622,1818,6336,2286,429,3,-42.0
5596,14260,10835,2560,6310,4525,1640,64,-389.0
5418,14498,11581,2871,5936,5645,2626,222,-370.0
2986,4753,2514,442,2376,138,1,0,305.0
6160,14045,9842,2182,6592,3250,861,18,-225.0
4898,14107,12611,3523,4084,8527,5939,1056,-121.0
4893,13961,12905,3795,3040,9865,7881,1769,42.0
6053,12023,7618,1560,5876,1742,271,1,88.0
6362,13042,8438,1754,6352,2086,338,2,4.0
6106,11047,6507,1255,5484,1023,79,0,311.0
4897,13908,12926,3869,2638,10288,8632,2167,46.0
3648,5888,3156,562,2940,216,8,0,354.0
6191,11538,6963,1371,5700,1263,138,1,245.0
5998,11215,6786,1339,5538,1248,139,0,230.0
6288,13557,9086,1941,6526,2560,505,10,-124.0
6273,13738,9324,2013,6570,2754,598,11,-154.0
6246,12246,7683,1561,6000,1683,246,2,122.0
4896,13932,12905,3830,2830,10075,8272,1988,39.0
5991,13888,9857,2209,6460,3397,968,29,-249.0
5388,9542,5522,1049,4750,772,42,0,319.0
4884,13995,12788,3694,3412,9376,7171,1506,-17.0
6342,12366,7725,1564,6066,1659,234,2,137.0
6335,13491,8974,1907,6506,2468,479,7,-89.0
4974,14157,12332,3331,4678,7654,4801,660,-182.0
4886,14017,12794,3680,3508,9286,7001,1412,-17.0
5371,14352,11359,2782,6026,5333,2300,153,-404.0
6305,13596,9130,1955,6530,2600,536,7,-116.0
6440,12160,7398,1464,6012,1386,136,0,214.0
5618,10075,5895,1131,5004,891,67,0,307.0
6181,13344,8975,1925,6400,2575,544,7,-113.0
5636,9984,5787,1102,4962,825,60,0,337.0
732,1108,559,94,554,5,0,0,89.0
6305,12234,7608,1534,6012,1596,210,3,145.0
6154,11505,6952,1369,5690,1262,125,0,232.0
6312,12937,8395,1753,6272,2123,393,6,17.0
6215,13355,8936,1907,6430,2506,495,7,-111.0
4893,13924,12848,3787,2974,9874,7976,1859,30.0
5766,10187,5888,1118,5068,820,51,0,349.0
6184,11708,7140,1416,5784,1356,140,0,200.0
5692,10058,5816,1105,5002,814,54,0,345.0
3054,4901,2611,462,2450,161,1,0,302.0
6006,14001,9989,2250,6478,3511,1045,40,-256.0
5165,14343,11853,3021,5580,6273,3183,277,-346.0
6032,13938,9834,2189,6534,3300,870,20,-261.0
6279,12786,8261,1720,6202,2059,382,9,34.0
3690,5963,3199,570,2978,221,7,0,356.0
4248,7050,3869,703,3520,349,10,0,364.0
6146,13773,9522,2088,6516,3006,741,16,-193.0
5032,8656,4894,912,4316,578,24,0,358.0
4036,6646,3622,654,3320,302,6,0,358.0
5178,14362,11861,3022,5590,6271,3182,278,-345.0
6377,13469,8911,1886,6506,2405,457,5,-67.0
5057,14285,12057,3139,5280,6777,3725,397,-310.0
5177,14398,11991,3086,5466,6525,3466,343,-316.0
4972,14245,12342,3305,4854,7488,4537,590,-236.0
5675,14438,10959,2590,6378,4581,1682,85,-394.0
4913,13869,13045,4070,1670,11375,10529,3205,19.0
6118,11529,7019,1392,5686,1333,157,0,216.0
5710,14485,10993,2599,6392,4601,1701,80,-381.0
6153,13840,9589,2105,6548,3041,744,11,-203.0
5631,14497,11168,2678,6268,4900,1961,115,-376.0
4018,6571,3563,641,3280,283,11,0,369.0
6205,14081,9819,2167,6636,3183,809,17,-224.0
6252,12719,8217,1711,6168,2049,383,6,39.0
6252,12196,7632,1549,5970,1662,256,4,139.0
5754,14278,10668,2492,6384,4284,1510,66,-348.0
3358,5449,2931,523,2724,207,1,0,317.0
4960,14173,12497,3426,4438,8059,5297,806,-142.0
4470,7449,4105,749,3716,389,17,0,377.0
6272,13805,9410,2039,6586,2824,633,10,-162.0
6027,13948,9886,2213,6494,3392,960,29,-248.0
5809,10423,6099,1170,5178,921,67,1,315.0
6276,13319,8850,1881,6414,2436,491,10,-74.0
6280,13795,9398,2037,6574,2824,647,14,-154.0
6090,11328,6827,1343,5596,1231,136,2,246.0
3666,5879,3131,554,2938,193,3,0,364.0
4905,14082,12602,3519,4090,8512,5902,1003,-94.0
5841,14211,10425,2396,6474,3951,1263,49,-341.0
5681,14428,10977,2603,6336,4641,1756,91,-373.0
1236,1884,957,162,942,15,0,0,147.0
6144,13688,9405,2050,6510,2895,668,12,-189.0
5490,14274,11133,2700,6066,5067,2142,126,-351.0
5352,9234,5233,977,4604,629,26,0,374.0
4902,13899,12923,3871,2620,10303,8659,2172,55.0
6096,11450,6955,1377,5648,1307,154,0,224.0
5645,14456,11072,2640,6304,4768,1848,99,-379.0
5142,8757,4911,909,4368,543,21,0,387.0
5201,14362,11797,2991,5648,6149,3066,263,-355.0
6172,11863,7314,1463,5850,1464,163,2,160.0
4868,13942,12894,3798,3000,9894,7942,1824,22.0
4907,14136,12392,3368,4576,7816,4984,741,-205.0
6164,11596,7049,1396,5722,1327,152,0,221.0
6011,13927,9835,2189,6536,3299,855,15,-270.0
6108,13730,9541,2104,6458,3083,814,20,-185.0
5135,14391,11976,3073,5514,6462,3363,327,-353.0
5432,9544,5494,1040,4748,746,48,0,342.0
6153,13733,9467,2071,6508,2959,717,13,-184.0
5079,14300,12061,3142,5270,6791,3760,413,-302.0
6299,13233,8735,1847,6388,2347,457,3,-46.0
5013,14256,12219,3233,5040,7179,4176,487,-257.0
5078,14256,12106,3184,5108,6998,4040,482,-256.0
5057,14255,12141,3195,5112,7029,4031,449,-252.0
5244,9106,5186,972,4540,646,26,0,352.0
6091,13799,9565,2096,6554,3011,691,15,-239.0
1812,2820,1461,252,1410,51,0,0,201.0
6184,11686,7113,1408,5778,1335,130,0,203.0
5401,14429,11510,2849,5926,5584,2577,209,-367.0
6146,11949,7448,1505,5866,1582,217,0,140.0
5758,14260,10626,2474,6408,4218,1444,50,-350.0
5287,14290,11503,2867,5804,5699,2682,217,-367.0
6216,12581,8081,1673,6124,1957,333,6,43.0
2368,3708,1932,335,1854,78,0,0,257.0
5080,14332,12065,3134,5326,6739,3680,396,-321.0
6283,12938,8406,1754,6288,2118,362,1,-3.0
6124,11456,6929,1366,5662,1267,132,0,231.0
5939,11144,6757,1335,5504,1253,136,1,217.0
6100,14202,10092,2262,6612,3480,978,32,-272.0
6043,14121,10101,2281,6516,3585,1089,43,-258.0
5657,14451,10992,2603,6366,4626,1719,101,-405.0
5966,10857,6425,1244,5386,1039,85,0,290.0
4872,13970,12834,3738,3240,9594,7490,1636,-2.0
6084,11338,6838,1345,5606,1232,126,0,239.0
3480,5588,2978,527,2794,184,0,0,343.0
6283,12137,7507,1505,5984,1523,169,3,148.0
5340,9356,5367,1012,4662,705,32,0,339.0
372,564,285,48,282,3,0,0,45.0
6302,14051,9680,2117,6658,3022,735,16,-186.0
6325,13375,8873,1884,6442,2431,491,5,-61.0
5916,10954,6574,1288,5420,1154,114,0,248.0
4098,6769,3698,669,3382,316,5,0,358.0
6159,13805,9541,2091,6536,3005,733,15,-196.0
5838,10667,6338,1232,5284,1054,99,0,277.0
6154,13137,8764,1868,6320,2444,497,8,-87.0
6297,13572,9103,1947,6524,2579,524,11,-119.0
6133,11649,7129,1419,5744,1385,161,1,194.0
5411,14394,11457,2830,5934,5523,2526,189,-356.0
4953,14177,12406,3361,4646,7760,4885,665,-179.0
5504,14269,11085,2680,6090,4995,2089,134,-360.0
6194,12771,8294,1729,6214,2080,343,4,-12.0
3654,5925,3187,569,2960,227,5,0,347.0
3712,6032,3250,581,3014,236,4,0,349.0
6352,13370,8842,1873,6446,2396,478,4,-49.0
5260,9188,5265,993,4572,693,44,0,344.0
5622,9915,5718,1083,4938,780,39,0,342.0
232,348,174,29,174,0,0,0,29.0
4102,6751,3678,664,3372,306,7,0,365.0
5744,14326,10765,2529,6356,4409,1614,80,-346.0
6292,12293,7677,1552,6042,1635,209,2,124.0
4670,7867,4370,802,3928,442,11,0,371.0
6041,14372,10332,2332,6672,3660,1028,31,-331.0
1668,2556,1305,222,1278,27,0,0,195.0
6007,11258,6825,1349,5556,1269,146,1,225.0
6168,12270,7773,1590,6006,1767,258,0,81.0
6246,11635,7008,1376,5760,1248,115,0,243.0
6145,12059,7573,1540,5906,1667,247,1,119.0
6082,11649,7156,1426,5756,1400,137,0,163.0
6173,13917,9658,2124,6572,3086,773,21,-210.0
6236,12721,8219,1709,6184,2035,353,2,25.0
4240,6968,3790,683,3482,308,4,0,379.0
6332,12542,7898,1605,6166,1732,210,0,83.0
5072,14330,12006,3096,5436,6570,3458,332,-348.0
6088,13958,9836,2193,6514,3322,930,28,-227.0
2728,4260,2214,383,2130,84,0,0,299.0
5902,14119,10214,2318,6520,3694,1079,24,-321.0
5886,11005,6643,1306,5450,1193,105,0,218.0
5696,14319,10786,2535,6362,4424,1595,78,-372.0
5015,14284,12201,3214,5118,7083,4048,461,-282.0
3052,4830,2542,445,2414,128,2,0,319.0
5582,9869,5711,1086,4906,805,57,0,338.0
5305,14438,11588,2869,5962,5626,2514,171,-414.0
5486,9693,5599,1062,4826,773,41,0,330.0
6235,12849,8364,1750,6228,2136,393,7,0.0
6170,12133,7622,1549,5950,1672,233,0,110.0
4198,6977,3831,696,3486,345,5,0,356.0
4848,8300,4674,868,4140,534,20,0,354.0
6211,13972,9673,2122,6614,3059,744,17,-210.0
5653,14034,10490,2451,6274,4216,1486,63,-342.0
6234,12774,8272,1722,6212,2060,350,2,10.0
5910,10761,6373,1235,5336,1037,89,0,287.0
6310,13066,8525,1785,6340,2185,386,2,-16.0
6229,12277,7719,1569,6024,1695,229,1,102.0
6186,11999,7443,1495,5916,1527,167,0,135.0
5224,14342,11684,2937,5746,5938,2850,220,-371.0
5918,10689,6291,1213,5304,987,81,0,307.0
5109,14354,12072,3135,5334,6738,3686,391,-308.0
4899,14049,12686,3599,3778,8908,6493,1247,-63.0
6333,12479,7842,1593,6126,1716,227,1,103.0
6218,12079,7508,1512,5944,1564,191,4,135.0
5263,14416,11794,2987,5666,6128,3084,289,-346.0
6096,14071,9932,2213,6586,3346,899,22,-256.0
6282,12163,7533,1511,6000,1533,163,0,141.0
6185,13328,8952,1918,6396,2556,536,7,-109.0
6421,12795,8111,1660,6262,1849,271,5,77.0
5608,10052,5870,1123,5002,868,48,0,303.0
5856,14332,10567,2439,6500,4067,1332,52,-348.0
5548,14317,10980,2615,6270,4710,1777,86,-404.0
4376,7240,3964,719,3614,350,12,0,381.0
652,988,499,84,494,5,0,0,79.0
5856,14413,10685,2478,6502,4183,1409,54,-350.0
4884,13968,12838,3739,3242,9596,7484,1612,15.0
6308,12492,7891,1611,6116,1775,260,0,96.0
2516,3940,2053,356,1970,83,0,0,273.0
4910,13877,13027,4022,1922,11105,10033,2912,38.0
4943,14186,12408,3367,4614,7794,4958,733,-202.0
5552,14319,11053,2654,6182,4871,1955,106,-368.0
6122,14092,9926,2208,6604,3322,884,22,-252.0
5823,14243,10534,2442,6416,4118,1411,63,-328.0
6113,14104,9940,2211,6614,3326,876,23,-262.0
5247,14436,11775,2964,5766,6009,2904,237,-378.0
6391,12927,8293,1714,6302,1991,323,3,43.0
6024,11374,6923,1371,5620,1303,134,0,202.0
5521,14241,10930,2607,6218,4712,1805,97,-397.0
1684,2592,1329,227,1296,33,0,0,194.0
6253,13756,9370,2030,6560,2810,636,19,-163.0
6080,13913,9769,2170,6518,3251,877,30,-234.0
6252,12676,8148,1687,6174,1974,328,4,37.0
5559,14441,11174,2685,6238,4936,1965,107,-393.0
6267,12562,8000,1643,6142,1858,278,1,62.0
4883,14062,12678,3579,3882,8796,6298,1161,-80.0
5689,14468,10979,2594,6394,4585,1680,83,-394.0
6287,13607,9150,1960,6540,2610,527,7,-130.0
6327,13362,8862,1883,6426,2436,510,13,-56.0
6127,13814,9611,2120,6502,3109,810,17,-196.0
5303,14374,11588,2888,5848,5740,2678,197,-371.0
6342,12905,8306,1720,6292,2014,321,4,23.0
6209,13766,9429,2051,6552,2877,662,15,-179.0
6391,13322,8754,1847,6426,2328,470,13,-24.0
6154,12476,8003,1652,6094,1909,288,2,29.0
6103,14149,10017,2237,6612,3405,925,23,-266.0
4882,13913,12905,3838,2782,10123,8349,2028,36.0
3202,5125,2724,481,2562,162,1,0,320.0
4944,14149,12468,3415,4446,8022,5257,802,-152.0
6018,10925,6454,1248,5420,1034,85,0,299.0
4134,6841,3745,679,3416,329,9,0,359.0
4893,13964,12880,3782,3068,9812,7828,1771,27.0
2696,4274,2253,395,2136,117,2,0,280.0
6305,12846,8294,1724,6244,2050,358,3,29.0
5939,14139,10210,2319,6506,3704,1127,51,-309.0
6399,13461,8880,1875,6510,2370,441,3,-57.0
6220,13620,9249,1999,6504,2745,612,16,-150.0
6161,13762,9469,2066,6542,2927,678,15,-198.0
5516,14494,11337,2752,6162,5175,2170,140,-393.0
5829,13994,10155,2312,6438,3717,1118,35,-322.0
6143,13992,9790,2168,6572,3218,848,25,-227.0
5536,14424,11187,2693,6216,4971,1992,108,-394.0
6271,12437,7854,1602,6096,1758,245,3,86.0
5206,14385,11969,3087,5416,6553,3553,384,-297.0
6162,13371,9049,1953,6380,2669,611,8,-113.0
6243,13946,9611,2101,6616,2995,714,13,-193.0
5833,14263,10559,2450,6418,4141,1427,57,-321.0
6097,12027,7572,1542,5892,1680,243,5,100.0
1988,3140,1649,288,1570,79,0,0,209.0
5536,9906,5783,1107,4924,859,58,0,306.0
6267,13093,8591,1806,6346,2245,401,3,-41.0
5689,14365,10861,2561,6356,4505,1653,85,-376.0
6130,11731,7205,1436,5794,1411,143,0,168.0
6085,14046,9897,2200,6594,3303,858,19,-264.0
6062,11349,6865,1353,5612,1253,125,0,225.0
6258,14180,9872,2176,6688,3184,804,22,-226.0
6291,13680,9263,1999,6532,2731,616,9,-125.0
5739,14300,10770,2538,6312,4458,1676,85,-329.0
6320,13257,8731,1842,6410,2321,437,6,-48.0
6331,12768,8157,1678,6246,1911,276,1,42.0
3296,5302,2831,502,2650,181,2,0,323.0
5296,14352,11654,2931,5722,5932,2908,240,-333.0
4900,14084,12649,3550,3998,8651,6088,1072,-85.0
5696,14442,10935,2580,6390,4545,1662,88,-391.0
4937,14153,12634,3526,4112,8522,5929,1041,-108.0
6379,13199,8616,1806,6396,2220,407,3,-10.0
6346,12548,7917,1615,6144,1773,260,2,100.0
6181,13908,9643,2120,6566,3077,776,23,-204.0
5936,14260,10386,2375,6522,3864,1216,40,-313.0
5903,14449,10665,2465,6540,4125,1369,55,-346.0
5190,8987,5112,958,4476,636,35,0,357.0
5742,10143,5866,1115,5042,824,59,0,350.0
6059,11502,7026,1395,5682,1344,138,1,188.0
5985,14091,10069,2263,6560,3509,971,25,-300.0
5892,14361,10589,2446,6502,4087,1357,42,-326.0
4938,14176,12500,3424,4456,8044,5264,806,-162.0
5456,14474,11362,2762,6152,5210,2170,140,-418.0
5272,14396,11743,2961,5720,6023,2956,236,-342.0
6204,12035,7472,1503,5926,1546,183,2,138.0
5323,14398,11632,2913,5786,5846,2826,249,-356.0
6142,14036,9838,2180,6596,3242,844,18,-236.0
5822,14302,10585,2451,6464,4121,1374,50,-346.0
6134,13994,9797,2169,6580,3217,834,18,-232.0
6122,11764,7267,1458,5786,1481,192,2,167.0
6381,12945,8327,1725,6304,2023,337,1,38.0
6068,13925,9751,2155,6572,3179,781,18,-261.0
3428,5464,2893,509,2732,161,0,0,348.0
6321,13710,9264,1996,6552,2712,606,11,-121.0
5153,14365,12017,3105,5404,6613,3557,349,-300.0
6253,12137,7539,1517,5976,1563,185,1,138.0
5259,14388,11775,2982,5658,6117,3072,273,-336.0
4967,14222,12467,3390,4594,7873,5034,729,-178.0
4628,7728,4263,778,3858,405,12,0,385.0
6047,14085,9985,2230,6590,3395,905,23,-283.0
6117,14208,10063,2248,6638,3425,932,31,-276.0
5700,14294,10796,2548,6304,4492,1686,88,-346.0
6340,12732,8118,1669,6222,1896,288,4,57.0
6188,11829,7269,1451,5832,1437,165,2,177.0
380,572,287,48,286,1,0,0,47.0
4912,13870,13048,4081,1610,11438,10650,3284,9.0
6114,13908,9753,2168,6498,3255,912,34,-209.0
6353,12489,7840,1592,6128,1712,233,1,112.0
5575,14363,11021,2628,6274,4747,1815,91,-395.0
2582,4101,2165,380,2050,115,1,0,266.0
6379,12896,8258,1703,6298,1960,300,5,38.0
1964,3036,1563,268,1518,45,0,0,223.0
6248,13430,8995,1922,6458,2537,514,8,-109.0
3548,5714,3054,542,2856,198,2,0,346.0
6127,13493,9222,2005,6414,2808,665,11,-149.0
5189,14467,11996,3068,5584,6412,3299,305,-350.0
4976,14185,12406,3370,4592,7814,5001,730,-173.0
5934,11000,6606,1295,5442,1164,116,2,245.0
6273,13918,9539,2076,6622,2917,674,15,-182.0
5282,14421,11743,2961,5720,6023,2981,276,-357.0
6216,13501,9129,1967,6456,2673,589,6,-123.0
6030,14006,9937,2224,6530,3407,946,26,-263.0
6180,13629,9308,2020,6496,2812,637,6,-161.0
6092,13862,9716,2157,6490,3226,882,24,-211.0
4895,13964,12894,3801,2982,9912,8000,1865,24.0
6181,12814,8347,1743,6236,2111,342,3,-29.0
4911,14008,12735,3654,3546,9189,6916,1397,-16.0
5048,14347,12217,3208,5186,7031,3975,442,-290.0
808,1228,622,105,614,8,0,0,97.0
972,1472,743,125,736,7,0,0,118.0
5040,14327,12193,3198,5198,6995,3931,426,-292.0
6182,12514,8013,1651,6120,1893,274,2,30.0
